181 0.174219 0.515625 0.0546876 0.0531249
347 0.278906 0.524219 0.0640625 0.0546875
347 0.397656 0.521094 0.0609377 0.0546875
347 0.544531 0.525781 0.0609375 0.0703125
347 0.667969 0.525781 0.0640623 0.0515625
347 0.797656 0.528906 0.0578123 0.0640625
347 0.932031 0.525781 0.0515623 0.0640625
348 0.159375 0.585156 0.0468751 0.0484374
348 0.161719 0.663281 0.0484375 0.0453124
348 0.159375 0.788281 0.0625001 0.0640626
348 0.157031 0.922656 0.0578126 0.0609375
323 0.417969 0.889063 0.0828125 0.0531249
323 0.977344 0.892969 0.110938 0.0609374
54 0.665625 0.921094 0.0468748 0.0484374
