28 0.0781249 0.214063 0.0531248 0.0781249
28 0.234375 0.2 0.0718752 0.0625
28 0.302344 0.240625 0.0671877 0.078125
28 0.466406 0.25625 0.0828125 0.06875
28 0.560938 0.245313 0.08125 0.0749999
28 0.689062 0.245313 0.059375 0.0624999
28 0.755469 0.248437 0.0796875 0.0843748
28 0.388281 0.292969 0.0609377 0.0640625
28 0.449219 0.380469 0.0796875 0.0703125
28 0.550781 0.420312 0.0703125 0.075
28 0.688281 0.407812 0.0640625 0.0718748
28 0.75 0.415625 0.075 0.075
28 0.596875 0.589844 0.0875 0.0671875
28 0.678906 0.596875 0.0734375 0.078125
28 0.335156 0.580469 0.0640623 0.0765627
28 0.403125 0.59375 0.08125 0.084375
28 0.0570312 0.578906 0.0953123 0.0796875
28 0.151562 0.598438 0.0781252 0.08125
29 0.103125 0.328125 0.075 0.075
29 0.239062 0.415625 0.08125 0.075
322 0.857813 0.401563 0.05 0.0718748
148 0.967969 0.4 0.0578125 0.078125
28 0.849219 0.608594 0.0921875 0.0640627
