230 0.053125 0.572656 0.0687501 0.0359375
244 0.125 0.50625 0.04375 0.04375
167 0.130469 0.634375 0.0390626 0.078125
164 0.126563 0.799219 0.0531249 0.0578124
165 0.132031 0.936719 0.0453124 0.0546877
167 0.264062 0.428906 0.065625 0.0515625
166 0.339063 0.407031 0.046875 0.0671875
167 0.573437 0.303906 0.08125 0.0359374
167 0.548437 0.438281 0.0781252 0.0453125
167 0.792187 0.448438 0.0500002 0.078125
167 0.842969 0.6 0.0546875 0.0718751
167 0.54375 0.864062 0.0906248 0.0437499
167 0.310156 0.875781 0.0578125 0.0359374
167 0.358594 0.838281 0.0390625 0.0515625
167 0.3125 0.734375 0.071875 0.0624999
167 0.357031 0.613281 0.0515625 0.0734376
167 0.5375 0.730469 0.0687498 0.0484375
169 0.253125 0.555469 0.0687501 0.0515626
169 0.246875 0.695313 0.065625 0.0531249
169 0.253125 0.8375 0.059375 0.0531249
169 0.689844 0.644531 0.0703125 0.0640625
165 0.721094 0.855469 0.0609377 0.0578124
164 0.779688 0.866406 0.04375 0.0578125
168 0.821094 0.844531 0.0546875 0.0828125
168 0.908594 0.861719 0.0453126 0.0671874
169 0.721094 0.286719 0.0671877 0.0640624
164 0.800781 0.711719 0.0578123 0.0640626
165 0.802344 0.36875 0.0609376 0.059375
164 0.8125 0.971094 0.05 0.0546877
167 0.752344 0.957031 0.0671877 0.0484375
330 0.546875 0.638281 0.15 0.0515626
