233 0.519531 0.51875 0.0484375 0.05
233 0.484375 0.89375 0.04375 0.046875
275 0.586719 0.882812 0.0515625 0.053125
230 0.740625 0.572656 0.0687501 0.0359375
275 0.585937 0.529688 0.0500001 0.0406251
244 0.8125 0.50625 0.04375 0.04375
167 0.817969 0.634375 0.0390626 0.078125
164 0.814063 0.799219 0.0531249 0.0578124
165 0.819531 0.936719 0.0453124 0.0546877
167 0.951563 0.428906 0.065625 0.0515625
169 0.940625 0.555469 0.0687501 0.0515626
169 0.934375 0.695313 0.065625 0.0531249
169 0.940625 0.8375 0.059375 0.0531249
