118 0.416406 0.282031 0.0546875 0.0546877
22 0.404688 0.158594 0.071875 0.0609375
138 0.500781 0.402344 0.114063 0.0578123
295 0.499219 0.464063 0.0984377 0.05
110 0.816406 0.970312 0.0765627 0.0500002
139 0.728906 0.907031 0.0953123 0.0484375
131 0.58125 0.945312 0.0843748 0.04375
139 0.428906 0.917188 0.117188 0.0468746
111 0.252344 0.971875 0.0703125 0.0562496
146 0.510937 0.804687 0.0968748 0.0500002
146 0.128125 0.814844 0.0875001 0.0421872
131 0.125781 0.905469 0.0828124 0.0421873
117 0.920313 0.290625 0.059375 0.053125
