120 0.1875 0.021875 0.071875 0.059375
131 0.296094 0.0359375 0.0796876 0.04375
124 0.469531 0.0484375 0.0546875 0.05
131 0.714844 0.0382812 0.0796876 0.0484375
146 0.835937 0.05625 0.0781249 0.04375
146 0.30625 0.147656 0.0687501 0.0359376
133 0.196094 0.185156 0.104687 0.0546875
134 0.335156 0.217969 0.107812 0.0453125
122 0.0476563 0.609375 0.0484375 0.046875
147 0.0484375 0.791406 0.053125 0.0984377
131 0.0875 0.909375 0.059375 0.0718751
275 0.2 0.589844 0.0875 0.0484375
45 0.278906 0.484375 0.0671875 0.065625
130 0.373437 0.403906 0.0531249 0.0671875
114 0.545313 0.582031 0.05625 0.0421874
140 0.621094 0.682813 0.104687 0.05625
291 0.621875 0.738281 0.096875 0.0515626
323 0.365625 0.916406 0.0375 0.0546876
331 0.503125 0.925 0.0374999 0.065625
21 0.672656 0.504687 0.0546875 0.05625
