244 0.580469 0.0476563 0.0890622 0.0390625
161 0.719531 0.0679687 0.0546871 0.0546876
18 0.6 0.139844 0.0687504 0.0546876
43 0.858594 0.117188 0.0640629 0.0593752
129 0.88125 0.0171875 0.0812497 0.0499998
335 0.949219 0.084375 0.0859379 0.05625
233 0.947656 0.235938 0.0859379 0.0499999
233 0.760938 0.235938 0.1 0.0562499
241 0.588281 0.402344 0.0859379 0.0453125
339 0.719531 0.455469 0.0546871 0.0390625
339 0.560937 0.489062 0.0499997 0.04375
24 0.739063 0.660156 0.0749996 0.0453123
129 0.896094 0.564844 0.0734375 0.0421877
129 0.8875 0.954687 0.0718746 0.04375
233 0.799219 0.739844 0.0671875 0.0421875
233 0.942969 0.732813 0.0828129 0.053125
67 0.614063 0.828125 0.0812504 0.0531248
43 0.698437 0.821875 0.065625 0.065625
335 0.864063 0.860938 0.0718746 0.0624998
68 0.632031 0.96875 0.0609375 0.053125
43 0.754688 0.988281 0.065625 0.0421875
80 0.321094 0.728125 0.0296879 0.0687501
80 0.0695312 0.627344 0.0421875 0.0578125
80 0.216406 0.45625 0.0765625 0.04375
80 0.3875 0.224219 0.0437504 0.0609375
80 0.0609375 0.215625 0.0375 0.0625
