131 0.170312 0.09375 0.046875 0.075
109 0.183594 0.357031 0.0609375 0.0421875
136 0.188281 0.409375 0.0984375 0.046875
146 0.271875 0.45 0.059375 0.0718752
131 0.302344 0.526563 0.0546876 0.06875
98 0.303906 0.6375 0.0671874 0.0468748
136 0.315625 0.738281 0.11875 0.0640627
131 0.532812 0.725 0.0843751 0.0656254
14 0.660156 0.589063 0.0765626 0.0593752
112 0.589062 0.314844 0.059375 0.0484375
141 0.617969 0.260938 0.110937 0.0406248
294 0.615625 0.385156 0.10625 0.0484375
111 0.939844 0.971875 0.0703125 0.0562496
146 0.815625 0.814844 0.0875001 0.0421872
146 0.54375 0.828906 0.0749999 0.0640627
121 0.558594 0.929688 0.0609374 0.06875
143 0.653125 0.946094 0.0937499 0.0421873
131 0.813281 0.905469 0.0828124 0.0421873
