127 0.0718751 0.0375 0.0562502 0.04375
131 0.192969 0.0546875 0.0734373 0.0406251
146 0.413281 0.0609375 0.0859375 0.0375
69 0.139844 0.282812 0.0671877 0.053125
336 0.228906 0.297656 0.0765627 0.0734376
237 0.327344 0.271875 0.0921875 0.053125
238 0.4875 0.271094 0.109375 0.0546875
250 0.175781 0.800781 0.0890627 0.0640626
63 0.0992188 0.617188 0.0546877 0.053125
72 0.260938 0.398438 0.0562502 0.05625
19 0.321875 0.414844 0.0624998 0.0609375
246 0.511719 0.389062 0.0890625 0.0406251
73 0.548437 0.457031 0.05 0.0578125
336 0.374219 0.503125 0.0796875 0.0749999
246 0.93125 0.382031 0.09375 0.0515625
239 0.932031 0.285937 0.0953125 0.05625
130 0.667187 0.29375 0.04375 0.071875
70 0.604688 0.2875 0.05625 0.0625
99 0.55625 0.0335938 0.059375 0.0671875
134 0.657031 0.0453125 0.0953125 0.05
131 0.765625 0.0554687 0.084375 0.0453125
80 0.913281 0.601562 0.0828125 0.04375
80 0.569531 0.609375 0.0671875 0.034375
80 0.748438 0.903125 0.0375 0.0625
162 0.547656 0.928906 0.0578125 0.0265625
