299 0.476562 0.439844 0.0937496 0.0546875
299 0.774219 0.599219 0.0453129 0.0765625
285 0.0242189 0.771875 0.0671871 0.053125
285 0.232031 0.775 0.0765621 0.053125
299 0.527344 0.946875 0.0453129 0.0656249
285 0.615625 0.76875 0.0656254 0.040625
285 0.766406 0.80625 0.0765622 0.0437499
298 0.0234373 0.636719 0.0343746 0.0453125
298 0.185156 0.649219 0.0546883 0.0359375
298 0.0265625 0.530469 0.05 0.0359375
285 0.104687 0.417188 0.0625004 0.03125
285 0.371875 0.419531 0.0781254 0.0578125
299 0.0796873 0.451563 0.0843754 0.040625
298 0.278125 0.470312 0.053125 0.040625
298 0.764844 0.4875 0.0703121 0.05
285 0.842969 0.421094 0.0921879 0.0578125
298 0.533594 0.649219 0.0578121 0.0359375
