299 0.25625 0.624219 0.0874996 0.0546876
299 0.640625 0.553125 0.0437496 0.0625
299 0.634375 0.61875 0.0812507 0.0375
285 0.121875 0.771094 0.05625 0.0453125
285 0.500781 0.779688 0.0890625 0.046875
285 0.711719 0.771875 0.0671871 0.053125
285 0.919531 0.775 0.0765621 0.053125
298 0.0375 0.641406 0.053125 0.0453125
298 0.486719 0.65 0.0578121 0.0437499
298 0.710937 0.636719 0.0343746 0.0453125
298 0.872656 0.649219 0.0546883 0.0359375
298 0.714062 0.530469 0.05 0.0359375
285 0.558594 0.424219 0.0796875 0.0390624
285 0.792187 0.417188 0.0625004 0.03125
299 0.767187 0.451563 0.0843754 0.040625
298 0.965625 0.470312 0.053125 0.040625
