314 0.3875 0.260156 0.05625 0.0671879
311 0.382031 0.322656 0.0765625 0.0578129
280 0.311719 0.0585938 0.0734375 0.0421875
280 0.31875 0.435937 0.071875 0.046875
280 0.316406 0.839844 0.0828125 0.0734371
280 0.0226563 0.829687 0.0796875 0.04375
311 0.028125 0.677344 0.078125 0.0703121
320 0.305469 0.6875 0.0796875 0.059375
300 0.535156 0.298437 0.0765625 0.053125
300 0.471094 0.416406 0.0453125 0.0671879
300 0.641406 0.553125 0.0671875 0.040625
300 0.863281 0.41875 0.0453125 0.0906246
318 0.679688 0.335156 0.046875 0.0578125
318 0.745312 0.333594 0.05 0.0546875
275 0.755469 0.525 0.0640625 0.053125
318 0.678906 0.666406 0.0578125 0.0671879
318 0.750781 0.669531 0.0609375 0.0671878
300 0.646094 0.864844 0.0953125 0.0640629
275 0.753906 0.859375 0.0671875 0.0531254
