323 0.194531 0.184375 0.0828125 0.0437501
323 0.264062 0.121875 0.06875 0.08125
323 0.505469 0.177344 0.0578125 0.0515626
173 0.603125 0.198437 0.053125 0.053125
299 0.738281 0.16875 0.0515624 0.084375
299 0.373437 0.347656 0.08125 0.0453125
285 0.084375 0.927344 0.0625 0.0578125
311 0.711719 0.335156 0.0421875 0.0359373
311 0.10625 0.340625 0.059375 0.059375
298 0.0523437 0.352344 0.0484375 0.0484375
298 0.0539063 0.411719 0.0578125 0.0421875
173 0.2 0.416406 0.071875 0.0515627
323 0.503906 0.484375 0.0765626 0.0500002
298 0.0523437 0.796875 0.0703125 0.0562502
