37 0.978125 0.397656 0.0781254 0.0765625
37 0.925 0.0632812 0.065625 0.0640625
30 0.122656 0.0664062 0.0609375 0.0609375
30 0.113281 0.410156 0.0484375 0.0640625
30 0.120312 0.742188 0.05625 0.0718749
38 0.863281 0.739844 0.0640629 0.0671874
38 0.485937 0.742188 0.0499996 0.0499999
38 0.857031 0.4125 0.0578121 0.053125
38 0.491406 0.410937 0.0609375 0.05
38 0.715625 0.0804688 0.065625 0.0765625
38 0.497656 0.0710938 0.0640629 0.0484375
171 0.353125 0.0539063 0.0718746 0.0546874
171 0.336719 0.395312 0.0609379 0.05
171 0.342188 0.741406 0.0875 0.0734375
94 0.0257812 0.621094 0.0484375 0.0765626
