30 0.684375 0.0476563 0.0531248 0.0484373
30 0.30625 0.242188 0.05625 0.0500002
30 0.336719 0.100781 0.0421875 0.0484375
30 0.642969 0.18125 0.0765627 0.0562496
30 0.603125 0.317187 0.08125 0.053125
30 0.565625 0.478906 0.0562502 0.0578125
30 0.520312 0.639844 0.053125 0.0453129
30 0.473438 0.81875 0.065625 0.053125
30 0.178125 0.7125 0.0531249 0.059375
30 0.2125 0.552344 0.0625 0.0546879
30 0.258594 0.4 0.0546875 0.04375
30 0.871875 0.923437 0.0624996 0.0656254
171 0.19375 0.375 0.0375 0.0718748
171 0.885937 0.559375 0.05 0.053125
171 0.498437 0.457031 0.04375 0.0671873
34 0.0679688 0.952344 0.0828124 0.0671875
