30 0.117187 0.0210936 0.0562504 0.0515621
30 0.108594 0.320312 0.0421879 0.04375
30 0.109375 0.551562 0.0499996 0.053125
30 0.114844 0.771875 0.0609379 0.059375
34 0.682813 0.8625 0.0593758 0.06875
34 0.833594 0.633594 0.0578122 0.0578125
34 0.94375 0.503125 0.065625 0.0562496
171 0.347656 0.779688 0.0703125 0.0375
171 0.35 0.552344 0.0562504 0.0421871
171 0.351562 0.330469 0.053125 0.0453129
171 0.408594 0.215625 0.0296875 0.053125
171 0.0234377 0.223438 0.0593754 0.059375
171 0.349219 0.0187498 0.0484375 0.0562496
38 0.488281 0.025 0.0546871 0.046875
38 0.853125 0.0226563 0.0718746 0.0640625
275 0.285156 0.121094 0.0578125 0.0453129
30 0.240625 0.0851562 0.0624996 0.0421875
38 0.488281 0.328125 0.0546871 0.0500004
38 0.488281 0.554688 0.0765621 0.053125
37 0.496094 0.771875 0.0703125 0.053125
94 0.673438 0.673437 0.0718746 0.06875
38 0.861719 0.334375 0.0546871 0.053125
171 0.78125 0.214062 0.0687504 0.0562496
