30 0.360156 0.153906 0.0921875 0.0734375
30 0.767188 0.251563 0.0624998 0.059375
30 0.184375 0.923437 0.0624996 0.0656254
30 0.616406 0.845312 0.0578123 0.053125
30 0.885156 0.914844 0.0609375 0.0453125
30 0.9625 0.594531 0.0531248 0.0546875
30 0.919531 0.753125 0.0609377 0.05625
171 0.198438 0.559375 0.05 0.053125
171 0.492187 0.485938 0.0531248 0.0562496
171 0.410156 0.8 0.0609377 0.059375
171 0.371094 0.975781 0.0515621 0.0453125
171 0.696875 0.989062 0.0562502 0.0437499
171 0.853125 0.717969 0.05 0.0578125
94 0.567188 0.2 0.0562502 0.0656252
38 0.30625 0.419531 0.075 0.0453127
