30 0.151562 0.404688 0.0687498 0.05625
30 0.197656 0.227344 0.0609375 0.0453125
30 0.232031 0.065625 0.0609377 0.05625
30 0.420313 0.286719 0.071875 0.0640625
30 0.382813 0.457031 0.0562502 0.0578121
30 0.678125 0.34375 0.059375 0.071875
30 0.758594 0.0257811 0.0609375 0.0609371
30 0.716406 0.191406 0.0609375 0.0578121
30 0.621875 0.529688 0.053125 0.0562496
171 0.165625 0.0304687 0.05 0.0578125
34 0.0343749 0.611719 0.0468748 0.0546875
34 0.283594 0.680469 0.101562 0.0828125
34 0.524219 0.746875 0.0578125 0.0562496
34 0.724219 0.797656 0.0671875 0.0609371
34 0.929688 0.853906 0.078125 0.0734375
171 0.932812 0.219531 0.034375 0.0609375
95 0.653125 0.103906 0.05625 0.0640625
95 0.764063 0.132031 0.05 0.0671875
171 0.521875 0.317187 0.0625 0.05
171 0.290625 0.446094 0.0687498 0.0640625
