30 0.0796876 0.251563 0.0624998 0.059375
30 0.340625 0.327344 0.0656252 0.0546877
30 0.588281 0.38125 0.0796875 0.0750002
30 0.83125 0.454688 0.06875 0.0874998
30 0.197656 0.914844 0.0609375 0.0453125
30 0.275 0.594531 0.0531248 0.0546875
30 0.232031 0.753125 0.0609377 0.05625
30 0.514063 0.660156 0.075 0.0609371
30 0.420313 0.974219 0.071875 0.0640625
30 0.758594 0.713281 0.0609375 0.0609371
30 0.716406 0.878906 0.0609375 0.0578121
171 0.165625 0.717969 0.05 0.0578125
171 0.932812 0.907031 0.034375 0.0609375
95 0.653125 0.791406 0.05625 0.0640625
95 0.764063 0.819531 0.05 0.0671875
