152 0.364062 0.650781 0.131249 0.0859374
152 0.76875 0.663281 0.1375 0.0671875
86 0.291406 0.5625 0.0921871 0.0687501
333 0.446875 0.0820312 0.11875 0.0671875
333 0.43125 0.311719 0.11875 0.0734375
333 0.694531 0.0226563 0.101562 0.0671875
333 0.699219 0.186719 0.123437 0.0703125
333 0.707031 0.360156 0.107812 0.0671875
334 0.21875 0.0773437 0.115625 0.0703125
334 0.228906 0.313281 0.101562 0.0578126
334 0.914063 0.0226563 0.115625 0.0671875
334 0.907812 0.189844 0.103125 0.0640625
334 0.928125 0.369531 0.1375 0.0796876
325 0.566406 0.482812 0.0953129 0.0749999
