275 0.876562 0.185937 0.08125 0.0499998
277 0.561719 0.169531 0.0828127 0.0453123
277 0.258594 0.175781 0.0734373 0.0421877
277 0.260938 0.491406 0.0843748 0.0359373
277 0.55625 0.486719 0.0937502 0.0421877
275 0.878125 0.489844 0.0843748 0.0609375
275 0.257031 0.860937 0.0671877 0.04375
277 0.561719 0.86875 0.0921875 0.0500002
277 0.871875 0.86875 0.0875 0.0500002
311 0.255469 0.0570313 0.0578123 0.0359375
311 0.298438 0.0859375 0.090625 0.06875
311 0.609375 0.0554687 0.04375 0.0453123
311 0.651562 0.0875 0.0500002 0.040625
311 0.984375 0.0890625 0.0624998 0.059375
311 0.934375 0.370313 0.053125 0.053125
311 0.975 0.410937 0.05625 0.05625
311 0.614844 0.375 0.0671875 0.046875
311 0.653906 0.407031 0.0609376 0.0484375
311 0.285156 0.403125 0.0734373 0.05
311 0.289844 0.776563 0.0640625 0.0500002
311 0.645313 0.771094 0.075 0.0703129
311 0.957812 0.778125 0.0531248 0.053125
175 0.178125 0.971875 0.0562502 0.0718748
