275 0.257031 0.173438 0.0671877 0.04375
275 0.232031 0.440625 0.0640623 0.0500002
275 0.86875 0.321094 0.0500002 0.0421873
275 0.552344 0.316406 0.0578125 0.0390625
277 0.561719 0.18125 0.0921875 0.0500002
277 0.871875 0.18125 0.0875 0.0500002
311 0.289844 0.0890626 0.0640625 0.0500002
311 0.645313 0.0835937 0.075 0.0703129
311 0.957812 0.090625 0.0531248 0.053125
311 0.975 0.350781 0.0406246 0.0515623
311 0.65625 0.354688 0.0531248 0.0468748
311 0.2875 0.355469 0.06875 0.0609373
175 0.178125 0.284375 0.0562502 0.0718748
