277 0.946094 0.175781 0.0734373 0.0421877
277 0.948438 0.491406 0.0843748 0.0359373
275 0.944531 0.860937 0.0671877 0.04375
311 0.942969 0.0570313 0.0578123 0.0359375
311 0.972656 0.403125 0.0734373 0.05
311 0.977344 0.776563 0.0640625 0.0500002
275 0.48125 0.855469 0.0875 0.0609373
275 0.424219 0.603125 0.0484375 0.0374998
275 0.579687 0.610156 0.071875 0.0421871
275 0.428125 0.802344 0.065625 0.0390625
275 0.0625 0.608594 0.0718748 0.0421873
275 0.0640626 0.814844 0.0749999 0.0359378
277 0.417969 0.178125 0.0765625 0.0499998
277 0.0546875 0.0664062 0.0656251 0.0609375
277 0.561719 0.177344 0.101562 0.0609375
175 0.865625 0.971875 0.0562502 0.0718748
