275 0.114063 0.225781 0.06875 0.0421875
275 0.429688 0.232812 0.0718746 0.034375
275 0.0921875 0.596875 0.0625 0.053125
275 0.409375 0.59375 0.0687504 0.059375
275 0.410156 0.865625 0.0734375 0.0499998
275 0.0804688 0.863281 0.0609375 0.0421877
311 0.179688 0.307031 0.0625 0.0609375
311 0.185937 0.50625 0.065625 0.053125
311 0.185937 0.782813 0.05625 0.0499998
311 0.505469 0.828125 0.0578125 0.065625
311 0.496875 0.538281 0.0531246 0.0796873
149 0.278125 0.23125 0.0843746 0.0531248
311 0.5125 0.248437 0.0499996 0.0562501
92 0.208594 0.174219 0.0859379 0.0546876
