323 0.288281 0.0710937 0.0640625 0.0828125
323 0.283594 0.623438 0.0671871 0.096875
324 0.507031 0.510156 0.0609375 0.0671875
324 0.502344 0.0632813 0.0765621 0.0609375
324 0.916406 0.728906 0.0765621 0.0453125
246 0.150781 0.260156 0.0765625 0.0703129
40 0.247656 0.260156 0.0953129 0.0640625
30 0.390625 0.0273438 0.05625 0.0578125
34 0.617187 0.110156 0.0499996 0.0765625
34 0.947656 0.111719 0.0609379 0.0609371
34 0.958594 0.433594 0.0703125 0.0484375
34 0.939063 0.602344 0.0687504 0.0609371
246 0.664844 0.266406 0.0765621 0.0703129
40 0.755469 0.266406 0.0859379 0.0578125
246 0.575781 0.728906 0.0765621 0.0578125
40 0.664844 0.730469 0.0828125 0.0671875
30 0.392187 0.635156 0.053125 0.0734375
30 0.704688 0.919531 0.0593753 0.0578125
323 0.757031 0.986719 0.0578125 0.0578125
