324 0.0554686 0.459375 0.0734379 0.0437498
324 0.439844 0.442188 0.0828129 0.0531248
324 0.778906 0.45 0.0609375 0.0437498
324 0.927344 0.744531 0.0578121 0.0671875
34 0.246875 0.599219 0.0656254 0.0640625
34 0.482813 0.609375 0.040625 0.05
34 0.720312 0.604688 0.0625 0.053125
34 0.919531 0.60625 0.0546871 0.0500004
244 0.944531 0.338281 0.0796875 0.0640627
246 0.228906 0.261719 0.0765621 0.0703127
39 0.317969 0.266406 0.0765621 0.0671875
247 0.621094 0.266406 0.0890625 0.0609371
42 0.732031 0.271094 0.0984371 0.0703129
38 0.966406 0.407031 0.0890625 0.0609373
34 0.910156 0.808594 0.0609379 0.0734375
34 0.728906 0.811719 0.0609375 0.0484375
34 0.260156 0.799219 0.0609379 0.0609371
40 0.0679686 0.953906 0.0859379 0.0578125
172 0.432031 0.728906 0.0609375 0.0484375
246 0.455468 0.957031 0.0703125 0.0640625
39 0.538281 0.955469 0.0765621 0.0609375
172 0.725 0.869531 0.0468754 0.0609371
246 0.919531 0.967969 0.0859379 0.0546875
