38 0.267969 0.247656 0.0734375 0.0953125
39 0.833594 0.247656 0.0640629 0.0703125
34 0.935938 0.263281 0.05625 0.0640625
246 0.749219 0.249219 0.0671871 0.0734375
248 0.264844 0.3875 0.0609371 0.0843751
38 0.266406 0.486719 0.0890625 0.0890625
39 0.228906 0.722656 0.0734375 0.0953125
249 0.242969 0.896094 0.0609375 0.0859374
247 0.755469 0.799219 0.0734375 0.0703125
41 0.852344 0.805469 0.0703125 0.0703124
34 0.744531 0.591406 0.0765621 0.0640625
324 0.497656 0.263281 0.0734379 0.0515625
324 0.625 0.571094 0.065625 0.0796875
323 0.499219 0.871094 0.0640629 0.0546875
323 0.291407 0.63125 0.0515625 0.059375
