30 0.0171877 0.0945313 0.0593754 0.0578125
30 0.341406 0.0976562 0.0640629 0.0578125
30 0.347656 0.227344 0.0703125 0.0609371
30 0.33125 0.396094 0.0499996 0.0609371
30 0.586719 0.394531 0.0640628 0.0578121
38 0.935156 0.277344 0.0734375 0.0703129
38 0.939844 0.467969 0.0703125 0.0703129
34 0.852344 0.660938 0.0671871 0.059375
6 0.6375 0.657812 0.0687504 0.0593754
6 0.404687 0.660938 0.0687504 0.059375
244 0.127344 0.664062 0.0765621 0.046875
38 0.155469 0.726562 0.0953125 0.05
34 0.227344 0.552344 0.0734379 0.0484375
323 0.0695312 0.161719 0.0578125 0.0578125
323 0.0710936 0.241406 0.0546871 0.0578125
323 0.175 0.400781 0.05625 0.0640625
323 0.233594 0.360156 0.0609379 0.0703129
