324 0.228906 0.0414063 0.0765621 0.0453125
324 0.747656 0.0367187 0.0734379 0.0546875
246 0.476562 0.0523436 0.0937496 0.0546879
40 0.580469 0.0554688 0.0828128 0.0546875
30 0.0171877 0.232031 0.0593754 0.0578125
30 0.341406 0.235156 0.0640629 0.0578125
30 0.347656 0.364844 0.0703125 0.0609371
30 0.33125 0.533594 0.0499996 0.0609371
30 0.586719 0.532031 0.0640628 0.0578122
38 0.935156 0.414844 0.0734375 0.0703129
38 0.939844 0.605469 0.0703125 0.0703129
34 0.852344 0.798437 0.0671871 0.059375
6 0.6375 0.795312 0.0687504 0.0593753
6 0.404687 0.798437 0.0687504 0.059375
244 0.127344 0.801562 0.0765621 0.046875
38 0.155469 0.864063 0.0953125 0.05
34 0.227344 0.689844 0.0734379 0.0484375
323 0.0695312 0.299219 0.0578125 0.0578125
323 0.0710936 0.378906 0.0546871 0.0578125
323 0.175 0.538281 0.05625 0.0640625
323 0.233594 0.497656 0.0609379 0.0703129
