91 0.275 0.275 0.053125 0.0499998
91 0.457031 0.276562 0.0546877 0.0499998
91 0.636719 0.278906 0.0515621 0.0546873
91 0.821875 0.283594 0.0468748 0.0453123
54 0.325781 0.230469 0.0421877 0.0390627
54 0.507812 0.224219 0.04375 0.0359373
54 0.695312 0.229688 0.0562496 0.046875
54 0.878125 0.227344 0.0468746 0.0390627
88 0.317969 0.477344 0.0546875 0.0359373
84 0.321875 0.516406 0.05625 0.0390627
84 0.499219 0.522656 0.0484375 0.0359373
84 0.680469 0.521875 0.0578125 0.0375002
88 0.678125 0.473437 0.0625 0.0437502
88 0.497656 0.475 0.0515625 0.0312498
346 0.883594 0.675 0.0578123 0.034375
89 0.888281 0.721094 0.0703127 0.0453123
85 0.763281 0.535938 0.0421873 0.0656252
