323 0.0671877 0.49375 0.0687504 0.078125
323 0.0953125 0.55 0.10625 0.0593754
323 0.0734375 0.71875 0.05625 0.0781254
323 0.264062 0.721875 0.06875 0.0718746
323 0.253125 0.521875 0.0656246 0.065625
323 0.065625 0.323437 0.059375 0.0562504
323 0.2625 0.270312 0.053125 0.075
323 0.429688 0.25 0.0625 0.078125
323 0.585938 0.271875 0.0625 0.0718746
323 0.859375 0.265625 0.0656246 0.078125
323 0.709375 0.448437 0.071875 0.0624996
323 0.654688 0.0906248 0.1 0.0656254
323 0.10625 0.876562 0.0656246 0.0624996
323 0.10625 0.98125 0.0718746 0.0593754
