316 0.0179687 0.202344 0.0484375 0.0453125
95 0.0765625 0.175781 0.0500001 0.0546875
95 0.924219 0.0460938 0.0515623 0.0359374
177 0.0742187 0.109375 0.0453124 0.034375
177 0.153906 0.200781 0.0421874 0.0359374
177 0.104688 0.447656 0.059375 0.0546875
338 0.0242187 0.366406 0.0640624 0.0484375
171 0.880469 0.35625 0.0828127 0.0687501
171 0.682812 0.942187 0.05 0.053125
171 0.361719 0.934375 0.0515625 0.0406248
171 0.872656 0.725781 0.0640624 0.0515626
311 0.940625 0.928906 0.0531248 0.0453124
311 0.473437 0.867188 0.071875 0.0499999
311 0.546094 0.935156 0.0484375 0.0515625
