311 0.209375 0.0390625 0.0562502 0.0468751
314 0.766406 0.0992187 0.0546875 0.0609376
275 0.839063 0.189844 0.046875 0.0390625
311 0.6375 0.504688 0.065625 0.05
311 0.553906 0.566406 0.0640625 0.0453125
96 0.839844 0.584375 0.0578125 0.05
178 0.546094 0.186719 0.0484375 0.0484375
178 0.567187 0.28125 0.053125 0.0593749
97 0.646875 0.30625 0.05625 0.078125
178 0.54375 0.509375 0.05625 0.05
171 0.245313 0.946875 0.0312498 0.05625
94 0.530469 0.940625 0.0453125 0.0656251
94 0.639844 0.94375 0.0453125 0.065625
171 0.871875 0.945313 0.046875 0.0468752
311 0.642969 0.85 0.0484375 0.04375
178 0.710156 0.660156 0.0546875 0.0484374
178 0.894531 0.65625 0.0453125 0.0468751
19 0.975781 0.724219 0.0859374 0.0421876
311 0.34375 0.875781 0.0468748 0.0484374
311 0.242969 0.849219 0.0640623 0.0546877
311 0.209375 0.567969 0.0375 0.0578126
