314 0.229688 0.175 0.0593751 0.059375
314 0.396094 0.174219 0.0703124 0.0765625
316 0.63125 0.192188 0.059375 0.0531249
316 0.705469 0.202344 0.0484375 0.0453125
95 0.764063 0.175781 0.0500001 0.0546875
316 0.451562 0.285937 0.0562499 0.05
316 0.536719 0.292188 0.0546876 0.04375
275 0.271094 0.252344 0.0734375 0.0359375
275 0.367188 0.307031 0.0625 0.0328125
314 0.200781 0.301562 0.0515625 0.040625
314 0.240625 0.355469 0.0625 0.0515626
314 0.178906 0.485156 0.0578125 0.0453125
275 0.273438 0.446094 0.06875 0.0578125
323 0.517969 0.199219 0.0546876 0.0484375
95 0.59375 0.366406 0.0843751 0.0484375
275 0.185937 0.728906 0.059375 0.0296876
323 0.308594 0.741406 0.0515625 0.0390625
314 0.239844 0.71875 0.0546875 0.05625
316 0.258594 0.833594 0.0390625 0.0421876
316 0.311719 0.832031 0.0390626 0.0484374
316 0.347656 0.830469 0.0484375 0.0484375
95 0.349219 0.916406 0.0390626 0.0546876
177 0.761719 0.109375 0.0453124 0.034375
177 0.841406 0.200781 0.0421874 0.0359374
177 0.792187 0.447656 0.059375 0.0546875
338 0.711719 0.366406 0.0640624 0.0484375
178 0.432031 0.505469 0.0671875 0.0359376
177 0.354688 0.417187 0.034375 0.0406251
178 0.347656 0.703125 0.0546876 0.034375
178 0.427344 0.874219 0.0390626 0.0390625
171 0.689844 0.940625 0.0515626 0.0468752
