94 0.113281 0.0429688 0.0515626 0.0546877
95 0.36875 0.0515626 0.03125 0.0499998
171 0.0835937 0.463281 0.0421874 0.0484375
171 0.367188 0.348438 0.025 0.0499998
171 0.53125 0.282813 0.059375 0.0375002
94 0.694531 0.339063 0.0515623 0.0593752
275 0.928125 0.419531 0.059375 0.0390625
311 0.698437 0.435156 0.059375 0.0484375
311 0.983594 0.125781 0.0484375 0.0484375
94 0.535156 0.0414063 0.0609377 0.0296875
311 0.678906 0.040625 0.0484375 0.05625
311 0.459375 0.178906 0.0593752 0.0453125
15 0.578906 0.130469 0.0796873 0.0421875
