30 0.08588506711409397 0.10317695961995249 0.010276845637583893 0.014548693586698337
30 0.13412332214765102 0.10228622327790973 0.011954697986577181 0.013954869358669833
30 0.18550755033557048 0.10228622327790973 0.008598993288590604 0.013954869358669833
30 0.23353607382550334 0.10332541567695962 0.009437919463087249 0.013064133016627079
30 0.2845008389261745 0.10302850356294536 0.00776006711409396 0.011282660332541567
30 0.3342072147651007 0.10169239904988124 0.01153523489932886 0.013954869358669833
30 0.3851719798657718 0.10332541567695962 0.007340604026845637 0.010688836104513063
30 0.43361996644295303 0.10228622327790973 0.009018456375838927 0.013954869358669833
30 0.48458473154362414 0.10421615201900238 0.008179530201342282 0.011282660332541567
30 0.5294672818791947 0.10584916864608077 0.00985738255033557 0.012173396674584324
30 0.5842072147651006 0.10169239904988124 0.010696308724832215 0.015142517814726841
30 0.6353817114093959 0.1021377672209026 0.009437919463087249 0.01840855106888361
30 0.6825713087248322 0.10169239904988124 0.008598993288590604 0.013954869358669833
30 0.6978817114093959 0.10362232779097387 0.008598993288590604 0.012470308788598575
30 0.7255662751677853 0.15097980997624702 0.010696308724832215 0.012767220902612826
30 0.7546140939597316 0.1972980997624703 0.01174496644295302 0.014548693586698337
30 0.785130033557047 0.2453978622327791 0.011954697986577181 0.012767220902612826
30 0.7860738255033557 0.2929038004750594 0.006711409395973154 0.012173396674584324
30 0.783871644295302 0.34026128266033256 0.009437919463087249 0.011876484560570071
30 0.7830327181208053 0.38672802850356297 0.010276845637583893 0.013954869358669833
30 0.7220008389261745 0.4066211401425178 0.01153523489932886 0.016330166270783847
30 0.6701971476510067 0.40899643705463185 0.00985738255033557 0.013954869358669833
30 0.6227978187919463 0.40691805225653205 0.008179530201342282 0.01336104513064133
30 0.5718330536912751 0.40691805225653205 0.010696308724832215 0.012173396674584324
30 0.522126677852349 0.40780878859857483 0.013213087248322148 0.012767220902612826
30 0.4725251677852349 0.40751187648456055 0.012583892617449664 0.012173396674584324
30 0.4196728187919463 0.40513657957244653 0.009228187919463088 0.012173396674584324
30 0.3851719798657718 0.38657957244655583 0.00985738255033557 0.012470308788598575
30 0.3331585570469799 0.38672802850356297 0.011115771812080536 0.015142517814726841
30 0.2837667785234899 0.3879156769596199 0.012583892617449664 0.016330166270783847
30 0.23521392617449666 0.38910332541567694 0.010276845637583893 0.015142517814726841
30 0.18341023489932887 0.38776722090261284 0.006921140939597316 0.010095011876484561
30 0.1330746644295302 0.3879156769596199 0.01153523489932886 0.013954869358669833
30 0.08525587248322147 0.38657957244655583 0.009018456375838927 0.012470308788598575
30 0.084626677852349 0.3309085510688836 0.011954697986577181 0.013954869358669833
30 0.08672399328859061 0.27508907363420426 0.011115771812080536 0.013954869358669833
30 0.0856753355704698 0.21570665083135393 0.010696308724832215 0.015142517814726841
30 0.08630453020134228 0.15662114014251782 0.011115771812080536 0.014548693586698337
30 0.15824244966442952 0.15780878859857483 0.011115771812080536 0.015736342042755345
30 0.15971057046979867 0.21600356294536818 0.01153523489932886 0.010985748218527316
30 0.16096895973154363 0.2718230403800475 0.010696308724832215 0.012173396674584324
30 0.16013003355704697 0.33328384798099764 0.01153523489932886 0.010391923990498812
30 0.08588506711409397 0.4603622327790974 0.01363255033557047 0.014548693586698337
30 0.08714345637583892 0.5155878859857482 0.011115771812080536 0.015142517814726841
30 0.084626677852349 0.5708135391923991 0.009437919463087249 0.013954869358669833
30 0.08651426174496644 0.6301959619952494 0.010696308724832215 0.012767220902612826
30 0.13349412751677853 0.4633313539192399 0.008179530201342282 0.01336104513064133
30 0.18508808724832215 0.459916864608076 0.009437919463087249 0.015439429928741092
30 0.23458473154362416 0.45961995249406173 0.009018456375838927 0.016033254156769598
30 0.2845008389261745 0.45887767220902614 0.009437919463087249 0.015736342042755345
30 0.33536073825503354 0.46125296912114017 0.012164429530201342 0.016330166270783847
30 0.3851719798657718 0.45739311163895485 0.012374161073825503 0.016330166270783847
30 0.43382969798657717 0.4593230403800475 0.010276845637583893 0.012470308788598575
30 0.48353607382550334 0.459916864608076 0.010276845637583893 0.012470308788598575
30 0.5354446308724832 0.4605106888361045 0.007130872483221477 0.011282660332541567
30 0.5827390939597316 0.4605106888361045 0.01363255033557047 0.012470308788598575
30 0.6349622483221476 0.461104513064133 0.008598993288590604 0.011282660332541567
30 0.6827810402684564 0.46125296912114017 0.01153523489932886 0.013954869358669833
30 0.733011744966443 0.4630344418052256 0.013842281879194632 0.013954869358669833
30 0.7834521812080537 0.46199524940617576 0.014471476510067114 0.019596199524940617
30 0.7864932885906041 0.5158847980997625 0.011325503355704697 0.016923990498812352
30 0.7856543624161074 0.5761579572446556 0.01552013422818792 0.017517814726840854
30 0.785234899328859 0.6278206650831354 0.01552013422818792 0.01989311163895487
30 0.7847105704697986 0.6842339667458432 0.011954697986577181 0.012767220902612826
30 0.7834521812080537 0.7416864608076009 0.009437919463087249 0.013657957244655582
30 0.7186451342281879 0.7611342042755345 0.014052013422818792 0.013954869358669833
30 0.6711409395973155 0.7590558194774347 0.007130872483221477 0.01336104513064133
30 0.6207005033557047 0.7580166270783848 0.009018456375838927 0.011282660332541567
30 0.5697357382550335 0.7584619952494062 0.00985738255033557 0.01336104513064133
30 0.5202390939597316 0.7574228028503563 0.015310402684563759 0.012470308788598575
30 0.47263003355704697 0.7587589073634204 0.010696308724832215 0.013954869358669833
30 0.4200922818791946 0.7584619952494062 0.013842281879194632 0.015736342042755345
30 0.3687080536912752 0.7590558194774347 0.014681208053691275 0.014548693586698337
30 0.3349412751677852 0.7394596199524941 0.016359060402684564 0.01336104513064133
30 0.28439597315436244 0.7382719714964371 0.01552013422818792 0.012173396674584324
30 0.23353607382550334 0.7370843230403801 0.012793624161073826 0.014548693586698337
30 0.1825713087248322 0.7416864608076009 0.018666107382550336 0.0166270783847981
30 0.13705956375838926 0.7394596199524941 0.010696308724832215 0.014548693586698337
30 0.08494127516778524 0.7407957244655582 0.01552013422818792 0.010688836104513063
30 0.0856753355704698 0.685124703087886 0.00985738255033557 0.015736342042755345
323 0.7308095637583892 0.4896080760095012 0.014471476510067114 0.011282660332541567
323 0.7242030201342282 0.7277315914489311 0.015100671140939598 0.010095011876484561
323 0.6362206375838926 0.7281769596199525 0.015310402684563759 0.015736342042755345
323 0.5577810402684564 0.37485154394299286 0.014052013422818792 0.01811163895486936
323 0.7285025167785235 0.3766330166270784 0.01153523489932886 0.009798099762470308
323 0.7635276845637584 0.3122030878859858 0.007340604026845637 0.015142517814726841
323 0.7255662751677853 0.19759501187648457 0.009018456375838927 0.016330166270783847
324 0.15404781879194632 0.46184679334916867 0.01153523489932886 0.01157957244655582
324 0.25314597315436244 0.4042458432304038 0.014681208053691275 0.012767220902612826
324 0.5571518456375839 0.4036520190023753 0.009437919463087249 0.01157957244655582
323 0.7626887583892618 0.6116389548693587 0.011954697986577181 0.024346793349168647