181 0.2079488255033557 0.22862232779097388 0.007340604026845637 0.010095011876484561
347 0.2220008389261745 0.23025534441805226 0.008598993288590604 0.010391923990498812
347 0.23794043624161074 0.22966152019002375 0.008179530201342282 0.010391923990498812
347 0.25765520134228187 0.2305522565320665 0.008179530201342282 0.01336104513064133
347 0.2742239932885906 0.2305522565320665 0.008598993288590604 0.009798099762470308
347 0.291631711409396 0.23114608076009502 0.00776006711409396 0.012173396674584324
347 0.3096686241610738 0.2305522565320665 0.006921140939597316 0.012173396674584324
347 0.3270763422818792 0.23025534441805226 0.008179530201342282 0.010391923990498812
347 0.3446937919463087 0.23084916864608077 0.008598993288590604 0.01157957244655582
347 0.3579068791946309 0.2293646080760095 0.008179530201342282 0.014548693586698337
347 0.37992869127516776 0.2305522565320665 0.00776006711409396 0.012173396674584324
347 0.43015939597315433 0.23114608076009502 0.006291946308724832 0.010985748218527316
347 0.45606124161073824 0.23025534441805226 0.009437919463087249 0.01157957244655582
347 0.4789219798657718 0.22906769596199525 0.007340604026845637 0.01157957244655582
347 0.5016778523489933 0.23084916864608077 0.007130872483221477 0.008016627078384799
347 0.515625 0.23144299287410927 0.00776006711409396 0.010391923990498812
347 0.5324035234899329 0.23084916864608077 0.008179530201342282 0.008016627078384799
347 0.5509647651006712 0.22921615201900236 0.008808724832214765 0.013064133016627079
347 0.5688968120805369 0.23144299287410927 0.00776006711409396 0.010391923990498812
347 0.5870385906040269 0.2305522565320665 0.007969798657718121 0.01157957244655582
347 0.6036073825503355 0.2305522565320665 0.008808724832214765 0.01157957244655582
347 0.6221686241610739 0.23114608076009502 0.00776006711409396 0.010985748218527316
347 0.6386325503355704 0.23040380047505937 0.006291946308724832 0.009501187648456057
347 0.6528942953020134 0.2305522565320665 0.007130872483221477 0.0086104513064133
347 0.6546770134228188 0.24346793349168647 0.008179530201342282 0.012470308788598575
347 0.6542575503355704 0.2589073634204275 0.00776006711409396 0.010095011876484561
348 0.6532088926174496 0.28191805225653205 0.00776006711409396 0.015142517814726841
348 0.20595637583892618 0.24183491686460806 0.006291946308724832 0.009204275534441805
348 0.2062709731543624 0.25668052256532065 0.0065016778523489934 0.0086104513064133
348 0.20595637583892618 0.2804334916864608 0.008389261744966443 0.012173396674584324
348 0.20564177852348994 0.30596793349168644 0.00776006711409396 0.01157957244655582
162 0.3931417785234899 0.23070071258907363 0.011115771812080536 0.011282660332541567
323 0.24066694630872484 0.2995843230403801 0.011115771812080536 0.010095011876484561
323 0.3157508389261745 0.30032660332541566 0.014890939597315436 0.01157957244655582
275 0.26908557046979864 0.34441805225653205 0.012583892617449664 0.010095011876484561
275 0.36723993288590606 0.3441211401425178 0.013842281879194632 0.012470308788598575
323 0.3575922818791946 0.2734560570071259 0.007550335570469799 0.016033254156769598
280 0.43131291946308725 0.3475356294536817 0.012793624161073826 0.010985748218527316
275 0.4941275167785235 0.34486342042755347 0.016778523489932886 0.015142517814726841
323 0.48374580536912754 0.2684085510688836 0.010276845637583893 0.019002375296912115
323 0.5457214765100671 0.2998812351543943 0.01174496644295302 0.012470308788598575
323 0.6199664429530202 0.30002969121140144 0.008808724832214765 0.008016627078384799
275 0.5924916107382551 0.34471496437054633 0.013842281879194632 0.009501187648456057
162 0.6458682885906041 0.28711401425178146 0.006082214765100671 0.0172209026128266
182 0.2062709731543624 0.3460510688836104 0.00776006711409396 0.01157957244655582
182 0.20669043624161074 0.3864311163895487 0.00776006711409396 0.014548693586698337
182 0.20648070469798657 0.4272565320665083 0.006082214765100671 0.010688836104513063
182 0.20763422818791946 0.4679334916864608 0.00964765100671141 0.013657957244655582
182 0.20763422818791946 0.5093527315914489 0.01174496644295302 0.01157957244655582
182 0.20721476510067113 0.5489904988123515 0.010486577181208054 0.013657957244655582
182 0.20648070469798657 0.5887767220902613 0.011115771812080536 0.009501187648456057
182 0.2062709731543624 0.6300475059382423 0.008598993288590604 0.009501187648456057
183 0.6538380872483222 0.3248218527315915 0.00776006711409396 0.011876484560570071
183 0.65373322147651 0.34768408551068886 0.006711409395973154 0.010688836104513063
183 0.6547818791946308 0.38672802850356297 0.008808724832214765 0.012173396674584324
183 0.6542575503355704 0.4689726840855107 0.0065016778523489934 0.009798099762470308
183 0.6541526845637584 0.5084619952494062 0.009228187919463088 0.012173396674584324
183 0.6565645973154363 0.5497327790973872 0.009018456375838927 0.012173396674584324
183 0.6535234899328859 0.5907066508313539 0.011325503355704697 0.010391923990498812
183 0.6538380872483222 0.6290083135391924 0.008598993288590604 0.01157957244655582
183 0.6746015100671141 0.42963182897862234 0.010276845637583893 0.0166270783847981
161 0.6517407718120806 0.4461104513064133 0.00776006711409396 0.01811163895486936
54 0.27390939597315433 0.3056710213776722 0.006291946308724832 0.009204275534441805
54 0.37185402684563756 0.31160926365795727 0.006711409395973154 0.008016627078384799
54 0.49989513422818793 0.30596793349168644 0.00776006711409396 0.0086104513064133
54 0.5967911073825504 0.30463182897862234 0.008179530201342282 0.011282660332541567
52 0.43361996644295303 0.3004750593824228 0.009018456375838927 0.009501187648456057
56 0.2445469798657718 0.44165676959619954 0.007550335570469799 0.01157957244655582
56 0.2827181208053691 0.5206353919239906 0.009228187919463088 0.010985748218527316
55 0.35067114093959734 0.42473277909738716 0.006291946308724832 0.01157957244655582
55 0.5177223154362416 0.4277019002375297 0.009437919463087249 0.010391923990498812
302 0.41495385906040266 0.42874109263657956 0.014890939597315436 0.013064133016627079
303 0.3604236577181208 0.5519596199524941 0.013213087248322148 0.009501187648456057
304 0.49884647651006714 0.5507719714964371 0.01363255033557047 0.011876484560570071
285 0.6151426174496645 0.47980997624703087 0.011325503355704697 0.011282660332541567
56 0.62751677852349 0.44076603325415675 0.007130872483221477 0.01157957244655582
275 0.5814807046979866 0.5561163895486936 0.012374161073825503 0.009501187648456057
53 0.5954278523489933 0.6058491686460807 0.007550335570469799 0.009798099762470308
53 0.5184563758389261 0.6062945368171021 0.007130872483221477 0.009501187648456057
53 0.3508808724832215 0.6058491686460807 0.007550335570469799 0.009798099762470308
53 0.2713926174496644 0.6043646080760094 0.009228187919463088 0.009798099762470308
286 0.2679320469798658 0.6333135391923991 0.015310402684563759 0.010095011876484561
286 0.34668624161073824 0.6349465558194775 0.014261744966442953 0.0086104513064133
280 0.42879614093959734 0.6247030878859857 0.016988255033557047 0.011282660332541567
286 0.5125838926174496 0.6337589073634204 0.014681208053691275 0.008016627078384799
286 0.5916526845637584 0.6352434679334917 0.013422818791946308 0.008016627078384799
52 0.43561241610738255 0.5771971496437055 0.006291946308724832 0.00831353919239905
275 0.29823825503355705 0.5271674584323041 0.010906040268456376 0.012173396674584324
56 0.33536073825503354 0.5344418052256532 0.007130872483221477 0.009501187648456057
56 0.5749790268456376 0.5190023752969121 0.008598993288590604 0.011876484560570071
56 0.5230704697986577 0.5195961995249406 0.007969798657718121 0.011876484560570071
181 0.3972315436241611 0.20739311163895488 0.007969798657718121 0.01157957244655582
285 0.2170721476510067 0.45486935866983375 0.01174496644295302 0.009501187648456057