50 0.24580536912751677 0.4048396674584323 0.013422818791946308 0.009204275534441805
60 0.3205746644295302 0.4168646080760095 0.012374161073825503 0.011282660332541567
60 0.49653942953020136 0.4156769596199525 0.016568791946308725 0.013657957244655582
58 0.5666946308724832 0.41315320665083133 0.014261744966442953 0.01157957244655582
256 0.24863674496644295 0.4737232779097387 0.015729865771812082 0.01811163895486936
257 0.23101929530201343 0.5562648456057007 0.012374161073825503 0.016330166270783847
94 0.23143875838926176 0.5892220902612827 0.011115771812080536 0.012767220902612826
94 0.2225251677852349 0.6578087885985748 0.013842281879194632 0.014548693586698337
94 0.20836828859060402 0.6174287410926366 0.008179530201342282 0.017517814726840854
326 0.24842701342281878 0.5550771971496437 0.011115771812080536 0.012767220902612826
265 0.2527265100671141 0.5708135391923991 0.010906040268456376 0.009204275534441805
58 0.28471057046979864 0.6512767220902613 0.01153523489932886 0.01157957244655582
259 0.30379614093959734 0.5694774346793349 0.012793624161073826 0.010095011876484561
259 0.3108221476510067 0.5430522565320665 0.006291946308724832 0.0166270783847981
259 0.29393875838926176 0.5301365795724465 0.009437919463087249 0.016923990498812352
259 0.3376677852348993 0.5043052256532067 0.013842281879194632 0.0086104513064133
262 0.32948825503355705 0.5262767220902613 0.014681208053691275 0.007422802850356294
262 0.3326342281879195 0.5497327790973872 0.006711409395973154 0.016923990498812352
265 0.36021392617449666 0.5540380047505938 0.0065016778523489934 0.014845605700712588
265 0.35696308724832215 0.5696258907363421 0.01174496644295302 0.007422802850356294
259 0.37562919463087246 0.53770783847981 0.006711409395973154 0.0172209026128266
59 0.2706585570469799 0.4896080760095012 0.010696308724832215 0.019596199524940617
9 0.4664429530201342 0.6126781472684085 0.01761744966442953 0.016923990498812352
255 0.498741610738255 0.6175771971496437 0.014681208053691275 0.016033254156769598
254 0.48353607382550334 0.5307304038004751 0.014890939597315436 0.01811163895486936
8 0.48479446308724833 0.4982185273159145 0.013213087248322148 0.0166270783847981
258 0.49307885906040266 0.4443289786223278 0.015939597315436243 0.018705463182897862
254 0.5219169463087249 0.4633313539192399 0.012793624161073826 0.014548693586698337
254 0.5607172818791947 0.4747624703087886 0.011954697986577181 0.014845605700712588
254 0.6014052013422819 0.43794536817102137 0.012374161073825503 0.016033254156769598
269 0.5004194630872483 0.5587885985748219 0.00964765100671141 0.026128266033254157
260 0.5566275167785235 0.5534441805225653 0.016778523489932886 0.010688836104513063
269 0.548238255033557 0.5892220902612827 0.01929530201342282 0.010391923990498812
269 0.5713087248322147 0.5319180522565321 0.016359060402684564 0.01157957244655582
269 0.6216442953020134 0.5583432304038005 0.007550335570469799 0.02820665083135392
269 0.5867239932885906 0.5576009501187649 0.00776006711409396 0.02672209026128266
266 0.5139471476510067 0.6377672209026128 0.005243288590604027 0.0172209026128266
266 0.5845218120805369 0.6126781472684085 0.013422818791946308 0.012173396674584324
267 0.5882969798657718 0.6601840855106889 0.013842281879194632 0.0086104513064133
267 0.6321308724832215 0.6597387173396675 0.016359060402684564 0.009501187648456057
268 0.6092701342281879 0.6407363420427553 0.006711409395973154 0.016033254156769598
268 0.5541107382550335 0.6401425178147269 0.004614093959731544 0.0166270783847981
266 0.6481753355704698 0.6506828978622328 0.006921140939597316 0.015736342042755345
266 0.6885486577181208 0.6239608076009501 0.016778523489932886 0.012767220902612826
261 0.6442953020134228 0.5627969121140143 0.01929530201342282 0.012173396674584324
261 0.6906459731543624 0.563687648456057 0.018036912751677854 0.01157957244655582
254 0.6620176174496645 0.5555225653206651 0.014890939597315436 0.017814726840855107
254 0.6684144295302014 0.497624703087886 0.014261744966442953 0.015439429928741092
254 0.6694630872483222 0.43794536817102137 0.016359060402684564 0.020190023752969122
263 0.5682676174496645 0.39415083135391926 0.01782718120805369 0.008016627078384799
263 0.6727139261744967 0.3859857482185273 0.0199244966442953 0.010688836104513063
264 0.7437080536912751 0.38108669833729214 0.016359060402684564 0.021080760095011877
264 0.7449664429530202 0.4372030878859858 0.018875838926174497 0.020486935866983372
264 0.7472734899328859 0.5679928741092637 0.013842281879194632 0.02315914489311164
264 0.7455956375838926 0.6160926365795725 0.015100671140939598 0.026128266033254157
263 0.7452810402684564 0.5096496437054632 0.012793624161073826 0.018705463182897862
263 0.43687080536912754 0.6785926365795725 0.020134228187919462 0.009204275534441805