323 0.4384437919463087 0.2528206650831354 0.016149328859060404 0.012173396674584324
275 0.5785444630872483 0.23767814726840855 0.01782718120805369 0.01989311163895487
233 0.605390100671141 0.1999703087885986 0.014471476510067114 0.014548693586698337
233 0.6059144295302014 0.332541567695962 0.014681208053691275 0.019002375296912115
233 0.6057046979865772 0.4272565320665083 0.00964765100671141 0.013657957244655582
233 0.606753355704698 0.5172209026128266 0.010906040268456376 0.013657957244655582
233 0.6059144295302014 0.6533551068883611 0.014681208053691275 0.013954869358669833
233 0.5145763422818792 0.5973871733966746 0.014471476510067114 0.014251781472684086
233 0.5134228187919463 0.6891330166270784 0.007969798657718121 0.0166270783847981
275 0.58064177852349 0.3712885985748218 0.010276845637583893 0.014548693586698337
275 0.582005033557047 0.4630344418052256 0.013003355704697987 0.015142517814726841
275 0.5814807046979866 0.5547802850356295 0.014052013422818792 0.015736342042755345
275 0.58064177852349 0.6872030878859857 0.01363255033557047 0.012767220902612826
275 0.48731124161073824 0.6324228028503563 0.011954697986577181 0.023752969121140142
275 0.4860528523489933 0.7229809976247031 0.012374161073825503 0.016033254156769598
275 0.48353607382550334 0.31754750593824227 0.012793624161073826 0.01989311163895487
233 0.5110109060402684 0.28176959619952496 0.010696308724832215 0.013657957244655582