232 0.4109689597315436 0.08595605700712589 0.004404362416107382 0.013954869358669833
232 0.42449664429530204 0.1083729216152019 0.012583892617449664 0.008907363420427554
232 0.4624580536912752 0.11342042755344418 0.012583892617449664 0.007125890736342043
232 0.4394924496644295 0.0871437054631829 0.005662751677852349 0.010985748218527316
231 0.3195260067114094 0.28429334916864607 0.015310402684563759 0.006828978622327791
231 0.38276006711409394 0.39251781472684083 0.013003355704697987 0.007719714964370546
310 0.32298657718120805 0.32556413301662707 0.013003355704697987 0.006828978622327791
232 0.4109689597315436 0.3096793349168646 0.006082214765100671 0.015439429928741092
232 0.42596476510067116 0.33239311163895485 0.010486577181208054 0.007422802850356294
232 0.4621434563758389 0.336104513064133 0.01153523489932886 0.00831353919239905
232 0.44012164429530204 0.311312351543943 0.0065016778523489934 0.016330166270783847