28 0.20868288590604026 0.29661520190023755 0.007969798657718121 0.013657957244655582
28 0.2348993288590604 0.30077197149643703 0.009228187919463088 0.011876484560570071
28 0.24391778523489932 0.3028503562945368 0.010067114093959731 0.011282660332541567
28 0.27233640939597314 0.30092042755344417 0.008179530201342282 0.01157957244655582
28 0.28009647651006714 0.3028503562945368 0.009018456375838927 0.012470308788598575
28 0.30432046979865773 0.30136579572446553 0.007969798657718121 0.010095011876484561
28 0.31386325503355705 0.30344418052256533 0.008598993288590604 0.011876484560570071
28 0.3376677852348993 0.30077197149643703 0.007550335570469799 0.011876484560570071
28 0.34668624161073824 0.30240498812351546 0.008389261744966443 0.012767220902612826
28 0.369756711409396 0.29899049881235157 0.009228187919463088 0.013657957244655582
28 0.37961409395973156 0.30195961995249404 0.007130872483221477 0.014845605700712588
28 0.40058724832214765 0.2992874109263658 0.00964765100671141 0.011876484560570071
28 0.40971057046979864 0.30700712589073637 0.009018456375838927 0.014845605700712588
28 0.4317323825503356 0.30997624703087884 0.011115771812080536 0.013064133016627079
28 0.44442114093959734 0.3078978622327791 0.010906040268456376 0.014251781472684086
28 0.4616191275167785 0.3078978622327791 0.007969798657718121 0.011876484560570071
28 0.4705327181208054 0.3084916864608076 0.010696308724832215 0.016033254156769598
28 0.42124580536912754 0.31695368171021376 0.008179530201342282 0.012173396674584324
28 0.4294253355704698 0.33358076009501186 0.010696308724832215 0.01336104513064133
28 0.4430578859060403 0.3411520190023753 0.009437919463087249 0.014251781472684086
28 0.46151426174496646 0.3387767220902613 0.008598993288590604 0.013657957244655582
28 0.4697986577181208 0.34026128266033256 0.010067114093959731 0.014251781472684086
28 0.44924496644295303 0.3733669833729216 0.01174496644295302 0.012767220902612826
28 0.4602558724832215 0.3747030878859858 0.00985738255033557 0.014845605700712588
28 0.41411493288590606 0.3715855106888361 0.008598993288590604 0.014548693586698337
28 0.42323825503355705 0.37410926365795727 0.010906040268456376 0.016033254156769598
28 0.3767827181208054 0.3712885985748218 0.012793624161073826 0.015142517814726841
28 0.38947147651006714 0.375 0.010486577181208054 0.015439429928741092
28 0.34375 0.37232779097387175 0.008808724832214765 0.014251781472684086
28 0.3539219798657718 0.3747030878859858 0.010276845637583893 0.013064133016627079
28 0.3076761744966443 0.3712885985748218 0.011325503355704697 0.016330166270783847
28 0.31816275167785235 0.37455463182897863 0.010067114093959731 0.015142517814726841
28 0.2827181208053691 0.37292161520190026 0.009228187919463088 0.013657957244655582
28 0.29289010067114096 0.375 0.009018456375838927 0.011282660332541567
28 0.24370805369127516 0.3733669833729216 0.010906040268456376 0.012173396674584324
28 0.2547189597315436 0.37633610451306415 0.010696308724832215 0.012173396674584324
28 0.20983640939597314 0.3767814726840855 0.01153523489932886 0.011876484560570071
29 0.20889261744966442 0.32007125890736343 0.010906040268456376 0.014251781472684086
29 0.2483221476510067 0.32259501187648454 0.01174496644295302 0.01336104513064133
29 0.28093540268456374 0.3227434679334917 0.009018456375838927 0.012470308788598575
29 0.3144924496644295 0.3222980997624703 0.00985738255033557 0.012173396674584324
29 0.34731543624161076 0.32200118764845603 0.00964765100671141 0.01157957244655582
29 0.38296979865771813 0.32363420427553447 0.010067114093959731 0.014251781472684086
29 0.4012164429530201 0.34026128266033256 0.010906040268456376 0.014251781472684086
322 0.48427013422818793 0.33758907363420426 0.006711409395973154 0.013657957244655582
148 0.4990562080536913 0.33729216152019004 0.00776006711409396 0.014845605700712588
57 0.5368078859060402 0.28459026128266035 0.011954697986577181 0.009798099762470308
57 0.5379614093959731 0.3932600950118765 0.010486577181208054 0.010391923990498812
148 0.5750838926174496 0.37485154394299286 0.010067114093959731 0.012173396674584324
57 0.6407298657718121 0.37544536817102137 0.007969798657718121 0.016923990498812352
148 0.6278313758389261 0.33847980997624705 0.006082214765100671 0.013657957244655582
148 0.5743498322147651 0.30314726840855105 0.010276845637583893 0.011876484560570071
28 0.483116610738255 0.37692992874109266 0.012374161073825503 0.012173396674584324