244 0.10748741610738255 0.15721496437054633 0.010696308724832215 0.009798099762470308
244 0.16663171140939598 0.15513657957244656 0.012374161073825503 0.010985748218527316
181 0.11493288590604027 0.17116983372921615 0.008389261744966443 0.0086104513064133
181 0.10549496644295302 0.21051068883610452 0.00964765100671141 0.010095011876484561
181 0.16726090604026847 0.2093230403800475 0.010696308724832215 0.009501187648456057
181 0.17774748322147652 0.17250593824228028 0.007340604026845637 0.010688836104513063
53 0.09574244966442953 0.18957838479809977 0.005662751677852349 0.0086104513064133
52 0.1556208053691275 0.19195368171021376 0.008808724832214765 0.013954869358669833
181 0.10696308724832215 0.2505938242280285 0.007550335570469799 0.010688836104513063
181 0.11902265100671142 0.25207838479809974 0.006082214765100671 0.010688836104513063
181 0.1330746644295302 0.25385985748218526 0.0065016778523489934 0.010095011876484561
181 0.10203439597315436 0.3027019002375297 0.008179530201342282 0.008016627078384799
181 0.1207005033557047 0.3050771971496437 0.00776006711409396 0.010985748218527316
181 0.1373741610738255 0.30463182897862234 0.008389261744966443 0.011282660332541567
246 0.08598993288590603 0.2638064133016627 0.013842281879194632 0.012173396674584324
52 0.14597315436241612 0.2722684085510689 0.007130872483221477 0.010688836104513063
288 0.08892617449664429 0.35050475059382424 0.01174496644295302 0.008016627078384799
53 0.10539010067114093 0.35688836104513066 0.005662751677852349 0.010095011876484561
181 0.12919463087248323 0.33818289786223277 0.011325503355704697 0.012470308788598575
181 0.15121644295302014 0.33788598574821854 0.010486577181208054 0.010095011876484561
181 0.1222734899328859 0.38850950118764843 0.007550335570469799 0.0086104513064133
181 0.15834731543624161 0.3824228028503563 0.010067114093959731 0.00831353919239905
52 0.13873741610738255 0.3571852731591449 0.00776006711409396 0.009501187648456057
233 0.13884228187919462 0.38895486935866985 0.012164429530201342 0.00831353919239905
285 0.21287751677852348 0.44254750593824227 0.013842281879194632 0.010985748218527316
275 0.20773909395973153 0.27137767220902614 0.012793624161073826 0.013064133016627079
280 0.21025587248322147 0.1876484560570071 0.01363255033557047 0.015439429928741092
52 0.24171560402684564 0.20783847980997625 0.009437919463087249 0.012470308788598575
52 0.2425545302013423 0.2998812351543943 0.00776006711409396 0.010688836104513063
52 0.23018036912751677 0.4082541567695962 0.0065016778523489934 0.010095011876484561
307 0.26143036912751677 0.1576603325415677 0.01363255033557047 0.013064133016627079
307 0.28533976510067116 0.3387767220902613 0.006082214765100671 0.020190023752969122
307 0.3457424496644295 0.44477434679334915 0.014890939597315436 0.010688836104513063
307 0.4229236577181208 0.4444774346793349 0.01740771812080537 0.013064133016627079
307 0.5097525167785235 0.44343824228028506 0.016568791946308725 0.01157957244655582
307 0.5527474832214765 0.4125593824228028 0.007340604026845637 0.018705463182897862
307 0.5867239932885906 0.40335510688836107 0.012793624161073826 0.010985748218527316
307 0.5728817114093959 0.27612826603325413 0.014890939597315436 0.009501187648456057
307 0.5008389261744967 0.18557007125890737 0.013003355704697987 0.010688836104513063
307 0.4509228187919463 0.1702790973871734 0.006291946308724832 0.019299287410926364
307 0.3852768456375839 0.14415083135391923 0.014681208053691275 0.013954869358669833
307 0.3094588926174497 0.15855106888361045 0.014890939597315436 0.010688836104513063
307 0.2857592281879195 0.2002672209026128 0.006921140939597316 0.018705463182897862
78 0.30557885906040266 0.2155581947743468 0.011325503355704697 0.010095011876484561
78 0.3062080536912752 0.28280878859857483 0.009228187919463088 0.0086104513064133
78 0.33326342281879195 0.25267220902612825 0.010067114093959731 0.009501187648456057
78 0.3139681208053691 0.24925771971496438 0.007130872483221477 0.013954869358669833
78 0.3412332214765101 0.26796318289786225 0.006711409395973154 0.016923990498812352
78 0.33200503355704697 0.28429334916864607 0.013003355704697987 0.0086104513064133
78 0.5502307046979866 0.2345605700712589 0.008179530201342282 0.0166270783847981
52 0.3389261744966443 0.21006532066508313 0.007969798657718121 0.01336104513064133
52 0.31187080536912754 0.39652612826603323 0.009228187919463088 0.01336104513064133
52 0.390625 0.39637767220902614 0.009018456375838927 0.010095011876484561
52 0.4704278523489933 0.39771377672209024 0.008389261744966443 0.012173396674584324
52 0.5384857382550335 0.4026128266033254 0.007340604026845637 0.012470308788598575
52 0.48500419463087246 0.2648456057007126 0.0065016778523489934 0.010095011876484561
52 0.4200922818791946 0.26350950118764843 0.008808724832214765 0.01157957244655582
288 0.39681208053691275 0.18957838479809977 0.013422818791946308 0.01157957244655582
288 0.47336409395973156 0.18245249406175773 0.011325503355704697 0.013954869358669833
286 0.5625 0.1736935866983373 0.012164429530201342 0.010095011876484561
285 0.5200293624161074 0.38509501187648454 0.015310402684563759 0.010095011876484561
285 0.48835989932885904 0.3839073634204275 0.011115771812080536 0.012470308788598575
285 0.4095008389261745 0.3846496437054632 0.014471476510067114 0.009204275534441805
285 0.3276006711409396 0.38346199524940616 0.013422818791946308 0.010391923990498812
75 0.35203439597315433 0.3142814726840855 0.00985738255033557 0.009204275534441805
280 0.3834941275167785 0.233521377672209 0.011115771812080536 0.0086104513064133
280 0.44966442953020136 0.23366983372921615 0.013003355704697987 0.011876484560570071
52 0.41820469798657717 0.1926959619952494 0.007130872483221477 0.008907363420427554
52 0.48479446308724833 0.2047209026128266 0.008598993288590604 0.015142517814726841