287 0.10748741610738255 0.14919833729216153 0.011954697986577181 0.010391923990498812
289 0.1298238255033557 0.14860451306413303 0.008808724832214765 0.009204275534441805
278 0.15625 0.15053444180522565 0.01174496644295302 0.011876484560570071
289 0.18236157718120805 0.14890142517814728 0.0065016778523489934 0.009798099762470308
275 0.20669043624161074 0.15528503562945367 0.008598993288590604 0.009501187648456057
289 0.23353607382550334 0.14994061757719715 0.008179530201342282 0.008907363420427554
275 0.2584941275167785 0.15469121140142517 0.00776006711409396 0.008907363420427554
289 0.28471057046979864 0.14919833729216153 0.00776006711409396 0.01157957244655582
275 0.3099832214765101 0.15350356294536818 0.007969798657718121 0.010688836104513063
289 0.33578020134228187 0.14815914489311163 0.007969798657718121 0.011282660332541567
275 0.36199664429530204 0.1543942992874109 0.00587248322147651 0.009501187648456057
288 0.38653523489932884 0.1514251781472684 0.008389261744966443 0.010095011876484561
277 0.41421979865771813 0.1530581947743468 0.010067114093959731 0.010391923990498812
288 0.4382340604026846 0.15216745843230403 0.00776006711409396 0.010391923990498812
288 0.4894085570469799 0.15246437054631828 0.007340604026845637 0.010985748218527316
288 0.5383808724832215 0.15276128266033254 0.008389261744966443 0.012767220902612826
288 0.5933305369127517 0.15394893111638955 0.008808724832214765 0.012173396674584324
288 0.6439807046979866 0.15261282660332542 0.008179530201342282 0.014845605700712588
288 0.6973573825503355 0.1540973871733967 0.010067114093959731 0.012470308788598575
288 0.7484270134228188 0.15320665083135393 0.00985738255033557 0.013657957244655582
288 0.7742239932885906 0.29230997624703087 0.009018456375838927 0.01157957244655582
275 0.5679530201342282 0.1542458432304038 0.010486577181208054 0.014548693586698337
275 0.618393456375839 0.1554334916864608 0.010696308724832215 0.01336104513064133
278 0.671875 0.15127672209026127 0.01363255033557047 0.01811163895486936
279 0.725251677852349 0.14890142517814728 0.012583892617449664 0.015736342042755345
286 0.7734899328859061 0.15231591448931117 0.01174496644295302 0.013657957244655582
289 0.774643456375839 0.18185866983372923 0.010276845637583893 0.01157957244655582
285 0.7744337248322147 0.20828384798099764 0.009018456375838927 0.01157957244655582
280 0.743498322147651 0.20041567695961995 0.010067114093959731 0.011876484560570071
285 0.774643456375839 0.26276722090261284 0.010276845637583893 0.014251781472684086
285 0.7740142617449665 0.31843824228028506 0.006921140939597316 0.010391923990498812
288 0.7750629194630873 0.3303147268408551 0.009018456375838927 0.010391923990498812
288 0.7705536912751678 0.35911520190023755 0.008389261744966443 0.012173396674584324
285 0.7735947986577181 0.37455463182897863 0.00776006711409396 0.0086104513064133
285 0.7727558724832215 0.43260095011876487 0.00985738255033557 0.010095011876484561
285 0.7725461409395973 0.49183491686460806 0.009437919463087249 0.01157957244655582
285 0.774643456375839 0.5495843230403801 0.00776006711409396 0.011282660332541567
285 0.7730704697986577 0.608521377672209 0.010906040268456376 0.017517814726840854
285 0.7745385906040269 0.6683491686460807 0.00964765100671141 0.011282660332541567
288 0.7743288590604027 0.6521674584323041 0.010067114093959731 0.012173396674584324
285 0.774748322147651 0.7207541567695962 0.010067114093959731 0.013954869358669833
285 0.7740142617449665 0.7771674584323041 0.009437919463087249 0.014548693586698337
288 0.7745385906040269 0.7510391923990499 0.007969798657718121 0.012767220902612826
288 0.7479026845637584 0.8340261282660333 0.009228187919463088 0.011282660332541567
288 0.6946308724832215 0.8344714964370546 0.012164429530201342 0.009798099762470308
288 0.6424077181208053 0.833729216152019 0.006711409395973154 0.008907363420427554
288 0.5927013422818792 0.8335807600950119 0.008389261744966443 0.009204275534441805
288 0.5407927852348994 0.8332838479809976 0.00985738255033557 0.009798099762470308
288 0.48898909395973156 0.832541567695962 0.010276845637583893 0.011282660332541567
288 0.4375 0.8326900237529691 0.009228187919463088 0.009798099762470308
288 0.3851719798657718 0.8343230403800475 0.011954697986577181 0.008907363420427554
288 0.3416526845637584 0.8332838479809976 0.009228187919463088 0.009798099762470308
288 0.3187919463087248 0.8344714964370546 0.008808724832214765 0.012173396674584324
288 0.2855494966442953 0.8328384798099763 0.011954697986577181 0.011876484560570071
288 0.2337458053691275 0.8335807600950119 0.010276845637583893 0.010391923990498812
288 0.1804739932885906 0.8335807600950119 0.010276845637583893 0.010985748218527316
288 0.1292994966442953 0.8332838479809976 0.01153523489932886 0.01157957244655582
288 0.10413171140939598 0.7082838479809976 0.009018456375838927 0.012173396674584324
288 0.10318791946308725 0.5233076009501187 0.007130872483221477 0.012173396674584324
288 0.10224412751677853 0.4643705463182898 0.00985738255033557 0.010688836104513063
277 0.4662332214765101 0.15290973871733968 0.008808724832214765 0.011876484560570071
275 0.5152055369127517 0.1540973871733967 0.00985738255033557 0.009501187648456057
287 0.7777894295302014 0.8263064133016627 0.011115771812080536 0.015439429928741092
278 0.7236786912751678 0.8286817102137767 0.01153523489932886 0.011876484560570071
275 0.6710360738255033 0.830314726840855 0.007340604026845637 0.012173396674584324
275 0.6191275167785235 0.8304631828978623 0.007130872483221477 0.008907363420427554
275 0.5673238255033557 0.8307600950118765 0.007550335570469799 0.008907363420427554
275 0.5157298657718121 0.8307600950118765 0.008389261744966443 0.00831353919239905
277 0.46507969798657717 0.8273456057007126 0.011954697986577181 0.010391923990498812
277 0.41442953020134227 0.8294239904988123 0.010486577181208054 0.01157957244655582
275 0.3618917785234899 0.8306116389548693 0.006921140939597316 0.008016627078384799
275 0.3097734899328859 0.830166270783848 0.008808724832214765 0.010688836104513063
275 0.2609060402684564 0.8309085510688836 0.011325503355704697 0.01157957244655582
275 0.20899748322147652 0.8320961995249406 0.00985738255033557 0.009204275534441805
278 0.15834731543624161 0.8282363420427553 0.011325503355704697 0.013954869358669833
287 0.10822147651006711 0.8263064133016627 0.01174496644295302 0.014251781472684086
285 0.1055998322147651 0.7776128266033254 0.010276845637583893 0.011876484560570071
285 0.10570469798657718 0.7214964370546318 0.007130872483221477 0.012470308788598575
285 0.1050755033557047 0.6652315914489311 0.010906040268456376 0.014548693586698337
285 0.1040268456375839 0.6092636579572447 0.009228187919463088 0.011282660332541567
285 0.10539010067114093 0.5501781472684085 0.00776006711409396 0.010688836104513063
285 0.10539010067114093 0.49213182897862234 0.007340604026845637 0.010391923990498812
285 0.10455117449664429 0.4337885985748218 0.0065016778523489934 0.008907363420427554
289 0.10171979865771812 0.4018705463182898 0.007130872483221477 0.007422802850356294
289 0.10151006711409397 0.34248812351543945 0.007550335570469799 0.007422802850356294
289 0.10213926174496644 0.28652019002375295 0.006711409395973154 0.00831353919239905
289 0.10192953020134228 0.23070071258907363 0.007130872483221477 0.009501187648456057
289 0.10339765100671142 0.17666270783847982 0.008389261744966443 0.010095011876484561
285 0.10423657718120806 0.20665083135391923 0.00964765100671141 0.010095011876484561
285 0.10444630872483221 0.2623218527315915 0.007550335570469799 0.012173396674584324
285 0.10381711409395973 0.3188836104513064 0.009228187919463088 0.011282660332541567
285 0.1055998322147651 0.3752969121140142 0.00776006711409396 0.011282660332541567
284 0.15708892617449666 0.6031769596199525 0.015100671140939598 0.016923990498812352
282 0.2600671140939597 0.6048099762470309 0.010906040268456376 0.015439429928741092
282 0.31229026845637586 0.6074821852731591 0.00964765100671141 0.011282660332541567
282 0.41411493288590606 0.6065914489311164 0.010276845637583893 0.015439429928741092
280 0.4649748322147651 0.6092636579572447 0.007550335570469799 0.010095011876484561
282 0.5160444630872483 0.6057007125890737 0.01153523489932886 0.01840855106888361
282 0.6192323825503355 0.606146080760095 0.01153523489932886 0.014548693586698337
280 0.6711409395973155 0.609709026128266 0.007130872483221477 0.010391923990498812
283 0.7233640939597316 0.6067399049881235 0.010906040268456376 0.015736342042755345
283 0.6709312080536913 0.37084323040380046 0.012164429530201342 0.011282660332541567
280 0.6192323825503355 0.37188242280285033 0.008598993288590604 0.012767220902612826
280 0.5677432885906041 0.3733669833729216 0.007969798657718121 0.009798099762470308
280 0.5160444630872483 0.3733669833729216 0.009018456375838927 0.012767220902612826
280 0.46507969798657717 0.3744061757719715 0.00776006711409396 0.010095011876484561
280 0.41411493288590606 0.37396080760095013 0.010276845637583893 0.01336104513064133
280 0.36377936241610737 0.37425771971496435 0.010696308724832215 0.012767220902612826
280 0.3099832214765101 0.37396080760095013 0.00964765100671141 0.010985748218527316
282 0.2598573825503356 0.3720308788598575 0.013422818791946308 0.013064133016627079
284 0.15929110738255034 0.36950712589073637 0.014052013422818792 0.016923990498812352
323 0.7594379194630873 0.41478622327790976 0.007130872483221477 0.016033254156769598
323 0.7592281879194631 0.4729809976247031 0.005453020134228188 0.014845605700712588
323 0.7608011744966443 0.5316211401425178 0.005662751677852349 0.01336104513064133