61 0.21801593959731544 0.34471496437054633 0.011954697986577181 0.015439429928741092
61 0.21696728187919462 0.3972684085510689 0.008598993288590604 0.013064133016627079
280 0.22483221476510068 0.3646080760095012 0.010906040268456376 0.011282660332541567
275 0.23049496644295303 0.4232482185273159 0.01174496644295302 0.014548693586698337
51 0.17785234899328858 0.5381532066508313 0.01174496644295302 0.009204275534441805
323 0.18592701342281878 0.5809085510688836 0.008598993288590604 0.016923990498812352
280 0.24328859060402686 0.5608669833729216 0.010486577181208054 0.010688836104513063
61 0.2398280201342282 0.5322149643705463 0.010696308724832215 0.013954869358669833
61 0.34416946308724833 0.5313242280285035 0.010486577181208054 0.014548693586698337
61 0.4493498322147651 0.5331057007125891 0.009437919463087249 0.016330166270783847
275 0.35748741610738255 0.5535926365795725 0.010696308724832215 0.009204275534441805
275 0.4617239932885906 0.5534441805225653 0.00985738255033557 0.011282660332541567
275 0.567638422818792 0.5519596199524941 0.012793624161073826 0.011876484560570071
280 0.6661073825503355 0.5527019002375297 0.010486577181208054 0.012767220902612826
61 0.6547818791946308 0.5288004750593824 0.008389261744966443 0.012470308788598575
61 0.5554739932885906 0.5314726840855107 0.009437919463087249 0.016033254156769598
51 0.6904362416107382 0.5133610451306413 0.008808724832214765 0.008907363420427554
61 0.5572567114093959 0.40617577197149646 0.010486577181208054 0.012470308788598575
61 0.6553062080536913 0.4036520190023753 0.008598993288590604 0.01336104513064133
275 0.5648070469798657 0.4357185273159145 0.01174496644295302 0.010391923990498812
280 0.666736577181208 0.41894299287410924 0.01174496644295302 0.011282660332541567
323 0.5577810402684564 0.3494655581947744 0.008598993288590604 0.016033254156769598
323 0.5654362416107382 0.3334323040380047 0.010486577181208054 0.009501187648456057
323 0.6771182885906041 0.37589073634204273 0.008598993288590604 0.015439429928741092
51 0.6919043624161074 0.42072446555819476 0.00964765100671141 0.00831353919239905
51 0.6916946308724832 0.3836104513064133 0.006291946308724832 0.014251781472684086
51 0.5556837248322147 0.42191211401425177 0.00985738255033557 0.007125890736342043
50 0.5149958053691275 0.2789489311163896 0.008598993288590604 0.012767220902612826
323 0.5288380872483222 0.2669239904988123 0.011954697986577181 0.015439429928741092
51 0.4640310402684564 0.3934085510688836 0.00985738255033557 0.010095011876484561
50 0.4694840604026846 0.36327197149643703 0.010276845637583893 0.015736342042755345
51 0.3288590604026846 0.38168052256532065 0.010906040268456376 0.015736342042755345
61 0.30578859060402686 0.39207244655581946 0.010486577181208054 0.012767220902612826
323 0.3347315436241611 0.2780581947743468 0.009228187919463088 0.016923990498812352
323 0.32802013422818793 0.3027019002375297 0.010486577181208054 0.012767220902612826
51 0.35014681208053694 0.28028503562945367 0.0065016778523489934 0.013064133016627079
51 0.3265520134228188 0.3307600950118765 0.008808724832214765 0.015439429928741092
51 0.33934563758389263 0.32526722090261284 0.012164429530201342 0.012173396674584324
51 0.3054739932885906 0.31160926365795727 0.006082214765100671 0.01157957244655582
51 0.6778523489932886 0.5598277909738717 0.007550335570469799 0.015142517814726841
323 0.6769085570469798 0.5852137767220903 0.00776006711409396 0.014845605700712588