324 0.3070469798657718 0.2041270783847981 0.008808724832214765 0.015142517814726841
324 0.3550755033557047 0.2029394299287411 0.006711409395973154 0.012173396674584324
324 0.3374580536912752 0.21570665083135393 0.011325503355704697 0.015142517814726841
323 0.4833263422818792 0.23515439429928742 0.012793624161073826 0.0172209026128266
323 0.5379614093959731 0.25653206650831356 0.009228187919463088 0.013657957244655582
323 0.4314177852348993 0.2642517814726841 0.007130872483221477 0.013657957244655582
323 0.3079907718120805 0.25356294536817103 0.009437919463087249 0.012470308788598575
7 0.24223993288590603 0.3267517814726841 0.010067114093959731 0.012173396674584324
275 0.2530411073825503 0.3193289786223278 0.009018456375838927 0.015142517814726841
275 0.31606543624161076 0.3154691211401425 0.00964765100671141 0.014548693586698337
7 0.34028942953020136 0.3273456057007126 0.012793624161073826 0.015142517814726841
323 0.40645973154362414 0.35584916864608074 0.008389261744966443 0.014548693586698337
323 0.43613674496644295 0.3675771971496437 0.010276845637583893 0.013064133016627079
26 0.2923657718120805 0.37024940617577196 0.014261744966442953 0.012470308788598575
275 0.5346057046979866 0.3343230403800475 0.00964765100671141 0.014251781472684086
275 0.5356543624161074 0.4146377672209026 0.00964765100671141 0.017517814726840854
275 0.39901426174496646 0.40810570071258906 0.010696308724832215 0.01157957244655582
280 0.3536073825503356 0.40558194774346795 0.00964765100671141 0.012470308788598575
280 0.4696937919463087 0.4066211401425178 0.011954697986577181 0.012767220902612826
25 0.5049286912751678 0.3818289786223278 0.011954697986577181 0.012470308788598575
7 0.3412332214765101 0.42072446555819476 0.008808724832214765 0.012470308788598575
7 0.39041526845637586 0.42013064133016625 0.008598993288590604 0.013657957244655582
7 0.45752936241610737 0.42042755344418054 0.010276845637583893 0.013064133016627079
7 0.5240142617449665 0.42013064133016625 0.008179530201342282 0.013657957244655582
285 0.4606753355704698 0.26172802850356297 0.014471476510067114 0.018705463182897862
286 0.23479446308724833 0.4538301662707839 0.00985738255033557 0.012767220902612826
7 0.22095218120805368 0.45947149643705465 0.010696308724832215 0.014548693586698337
325 0.22651006711409397 0.5054928741092637 0.009228187919463088 0.015142517814726841
286 0.2333263422818792 0.546021377672209 0.01153523489932886 0.0166270783847981
325 0.22839765100671142 0.6062945368171021 0.009228187919463088 0.0166270783847981
7 0.22095218120805368 0.5527019002375297 0.008598993288590604 0.012173396674584324
7 0.34941275167785235 0.5522565320665083 0.010906040268456376 0.014251781472684086
7 0.4472525167785235 0.5518111638954869 0.014890939597315436 0.016923990498812352
280 0.3614723154362416 0.5356294536817102 0.016568791946308725 0.014251781472684086
280 0.4588926174496644 0.5369655581947743 0.012583892617449664 0.014548693586698337
23 0.527265100671141 0.5782363420427553 0.009228187919463088 0.01157957244655582
7 0.524748322147651 0.3291270783847981 0.007969798657718121 0.01157957244655582
27 0.2756921140939597 0.5702197149643705 0.00985738255033557 0.012767220902612826