176 0.1399958053691275 0.1921021377672209 0.0065016778523489934 0.012470308788598575
176 0.11818372483221476 0.2241686460807601 0.008179530201342282 0.010095011876484561
176 0.17585989932885907 0.22580166270783847 0.008179530201342282 0.010985748218527316
176 0.17544043624161074 0.31205463182897863 0.0065016778523489934 0.007719714964370546
176 0.11797399328859061 0.310124703087886 0.00776006711409396 0.012767220902612826
176 0.11776426174496644 0.39236935866983375 0.009018456375838927 0.012173396674584324
176 0.1746015100671141 0.39207244655581946 0.008179530201342282 0.01157957244655582
176 0.14083473154362416 0.35748218527315917 0.004823825503355705 0.010095011876484561
176 0.1416736577181208 0.4438836104513064 0.0065016778523489934 0.010688836104513063
176 0.11734479865771812 0.4769893111638955 0.00985738255033557 0.01157957244655582
176 0.17334312080536912 0.4781769596199525 0.00985738255033557 0.010391923990498812
176 0.1412541946308725 0.5244952494061758 0.008179530201342282 0.015736342042755345
176 0.11776426174496644 0.561312351543943 0.007340604026845637 0.012173396674584324
176 0.1750209731543624 0.5592339667458432 0.005662751677852349 0.010391923990498812
176 0.14104446308724833 0.6086698337292161 0.006921140939597316 0.009501187648456057
93 0.14838506711409397 0.6604809976247031 0.00776006711409396 0.01157957244655582
93 0.19756711409395974 0.6101543942992874 0.006711409395973154 0.010095011876484561
93 0.19924496644295303 0.5256828978622328 0.0050335570469798654 0.009798099762470308
93 0.19840604026845637 0.44195368171021376 0.006711409395973154 0.012173396674584324
93 0.08368288590604027 0.4005344418052256 0.00587248322147651 0.011282660332541567
93 0.20826342281879195 0.28013657957244653 0.00587248322147651 0.01336104513064133
93 0.14639261744966442 0.14266627078384797 0.006291946308724832 0.010985748218527316
275 0.22105704697986578 0.40513657957244653 0.01552013422818792 0.014548693586698337
275 0.2870176174496644 0.4030581947743468 0.011954697986577181 0.013954869358669833
275 0.4203020134228188 0.40276128266033256 0.015100671140939598 0.01336104513064133
275 0.4864723154362416 0.4042458432304038 0.012793624161073826 0.013954869358669833
280 0.3548657718120805 0.40691805225653205 0.016778523489932886 0.012173396674584324
280 0.5543204697986577 0.40929334916864607 0.016778523489932886 0.014548693586698337
280 0.6207005033557047 0.40691805225653205 0.012374161073825503 0.012173396674584324
280 0.6855075503355704 0.40721496437054633 0.009437919463087249 0.012767220902612826
280 0.753984899328859 0.40810570071258906 0.013842281879194632 0.014548693586698337
285 0.7285025167785235 0.5099465558194775 0.01153523489932886 0.012173396674584324
285 0.7291317114093959 0.6117874109263658 0.011954697986577181 0.016923990498812352
285 0.7312290268456376 0.7127375296912114 0.014471476510067114 0.015142517814726841
285 0.7282927852348994 0.811312351543943 0.014471476510067114 0.012767220902612826
285 0.6834102348993288 0.8110154394299287 0.012793624161073826 0.012173396674584324
285 0.5489723154362416 0.810124703087886 0.016149328859060404 0.012767220902612826
285 0.48479446308724833 0.8104216152019003 0.015310402684563759 0.009798099762470308
285 0.41768036912751677 0.8107185273159145 0.012374161073825503 0.01157957244655582
285 0.35203439597315433 0.8130938242280285 0.015310402684563759 0.010391923990498812
285 0.2850251677852349 0.8119061757719715 0.016778523489932886 0.010391923990498812
285 0.19410654362416108 0.8044833729216152 0.011954697986577181 0.010985748218527316
285 0.19410654362416108 0.8279394299287411 0.012793624161073826 0.009798099762470308
285 0.19347734899328858 0.6877969121140143 0.012374161073825503 0.01157957244655582
285 0.2175964765100671 0.6362826603325415 0.011115771812080536 0.008907363420427554
285 0.21801593959731544 0.5102434679334917 0.011954697986577181 0.01157957244655582
177 0.25020973154362414 0.8470902612826603 0.013842281879194632 0.011282660332541567
177 0.4498741610738255 0.8451603325415677 0.012583892617449664 0.013954869358669833
177 0.6932676174496645 0.8442695961995249 0.009437919463087249 0.016923990498812352
327 0.6972525167785235 0.5213776722090261 0.013213087248322148 0.019596199524940617
327 0.6964135906040269 0.6241092636579573 0.014052013422818792 0.012470308788598575
327 0.6989303691275168 0.7268408551068883 0.01153523489932886 0.011876484560570071
327 0.6683095637583892 0.4753562945368171 0.008598993288590604 0.020783847980997625
327 0.5359689597315436 0.47565320665083133 0.010696308724832215 0.020190023752969122
327 0.40383808724832215 0.47609857482185275 0.008598993288590604 0.014548693586698337
327 0.26856124161073824 0.47669239904988125 0.009437919463087249 0.015736342042755345
87 0.33557046979865773 0.477583135391924 0.007130872483221477 0.012767220902612826
87 0.4697986577181208 0.4769893111638955 0.00587248322147651 0.012767220902612826
87 0.6016149328859061 0.47609857482185275 0.00776006711409396 0.015736342042755345