30 0.22472734899328858 0.4202790973871734 0.01153523489932886 0.019299287410926364
30 0.38223573825503354 0.4205760095011877 0.013213087248322148 0.017517814726840854
30 0.24444211409395974 0.8080463182897862 0.014052013422818792 0.016923990498812352
30 0.3205746644295302 0.8086401425178147 0.013213087248322148 0.015736342042755345
30 0.3960780201342282 0.8059679334916865 0.011954697986577181 0.01989311163895487
30 0.47367869127516776 0.8068586698337292 0.008598993288590604 0.01811163895486936
30 0.5737206375838926 0.8083432304038005 0.011115771812080536 0.016330166270783847
30 0.6733431208053692 0.8086401425178147 0.014052013422818792 0.01811163895486936
30 0.7775796979865772 0.8095308788598575 0.012793624161073826 0.01989311163895487
34 0.3049496644295302 0.41998218527315917 0.013003355704697987 0.016330166270783847
38 0.4581585570469799 0.4220605700712589 0.012793624161073826 0.016923990498812352
38 0.5576761744966443 0.42473277909738716 0.015939597315436243 0.017517814726840854
38 0.6567743288590604 0.42295130641330164 0.011954697986577181 0.015142517814726841
38 0.7595427852348994 0.4202790973871734 0.008598993288590604 0.020486935866983372
280 0.7544043624161074 0.39355700712589076 0.012164429530201342 0.014548693586698337
280 0.6957843959731543 0.39266627078384797 0.012793624161073826 0.017517814726840854
280 0.6546770134228188 0.39118171021377673 0.011954697986577181 0.01336104513064133
280 0.5965813758389261 0.39415083135391926 0.01153523489932886 0.01336104513064133
280 0.5672189597315436 0.39118171021377673 0.012374161073825503 0.01336104513064133
280 0.5052432885906041 0.39296318289786225 0.01552013422818792 0.014548693586698337
275 0.7574454697986577 0.523604513064133 0.011115771812080536 0.01989311163895487
275 0.7593330536912751 0.6254453681710214 0.01153523489932886 0.016330166270783847
275 0.7589135906040269 0.7281769596199525 0.010696308724832215 0.015736342042755345
275 0.24318372483221476 0.5129156769596199 0.012374161073825503 0.015736342042755345
275 0.24549077181208054 0.6287114014251781 0.011954697986577181 0.016923990498812352
275 0.2450713087248322 0.6750296912114014 0.010276845637583893 0.015142517814726841
275 0.24402265100671142 0.7593527315914489 0.00985738255033557 0.015142517814726841
323 0.5170931208053692 0.8341745843230404 0.014890939597315436 0.012173396674584324