34 0.37468540268456374 0.15216745843230403 0.012374161073825503 0.019299287410926364
34 0.4100251677852349 0.14771377672209027 0.010486577181208054 0.013954869358669833
34 0.37479026845637586 0.20457244655581946 0.008389261744966443 0.019002375296912115
34 0.4069840604026846 0.20679928741092637 0.006921140939597316 0.01336104513064133
34 0.4432676174496644 0.20679928741092637 0.009437919463087249 0.015736342042755345
34 0.4433724832214765 0.25356294536817103 0.011325503355704697 0.0166270783847981
34 0.38747902684563756 0.28117577197149646 0.010276845637583893 0.013657957244655582
34 0.3755243288590604 0.25534441805225655 0.010696308724832215 0.011876484560570071
79 0.3863255033557047 0.21184679334916864 0.014681208053691275 0.01157957244655582
79 0.3624161073825503 0.19447743467933493 0.007130872483221477 0.019002375296912115
79 0.41264681208053694 0.16701306413301661 0.013213087248322148 0.010391923990498812
79 0.428376677852349 0.19700118764845606 0.008179530201342282 0.01989311163895487
79 0.42596476510067116 0.24851543942992874 0.010067114093959731 0.017814726840855107
79 0.40992030201342283 0.2586104513064133 0.012793624161073826 0.012470308788598575
34 0.42177013422818793 0.18215558194774348 0.009228187919463088 0.01336104513064133
302 0.44798657718120805 0.16003562945368172 0.014261744966442953 0.013657957244655582
246 0.34689597315436244 0.22505938242280285 0.01174496644295302 0.013064133016627079
246 0.3470008389261745 0.28652019002375295 0.012793624161073826 0.013064133016627079
246 0.4279572147651007 0.3154691211401425 0.013213087248322148 0.01336104513064133
244 0.5414219798657718 0.16300475059382422 0.012374161073825503 0.012470308788598575
244 0.6364303691275168 0.18601543942992874 0.01363255033557047 0.01157957244655582
244 0.3536073825503356 0.42072446555819476 0.013842281879194632 0.010688836104513063
233 0.4240771812080537 0.4179038004750594 0.016778523489932886 0.009204275534441805
233 0.5175125838926175 0.4196852731591449 0.014471476510067114 0.012767220902612826
233 0.6329697986577181 0.32986935866983375 0.011325503355704697 0.011876484560570071
233 0.5371224832214765 0.3176959619952494 0.01174496644295302 0.010095011876484561
244 0.6310822147651006 0.43245249406175773 0.012164429530201342 0.012173396674584324
34 0.6591862416107382 0.39815914489311166 0.011325503355704697 0.016033254156769598
34 0.6566694630872483 0.4870843230403801 0.010067114093959731 0.016330166270783847
34 0.6730285234899329 0.48292755344418054 0.010067114093959731 0.015142517814726841
34 0.6727139261744967 0.436312351543943 0.008598993288590604 0.015736342042755345
303 0.6812080536912751 0.4026128266033254 0.012164429530201342 0.009501187648456057