52 0.21754850088183422 0.23091317365269462 0.009347442680776015 0.01122754491017964
52 0.3021164021164021 0.2307884231536926 0.010582010582010581 0.014970059880239521
52 0.30361552028218697 0.3101297405189621 0.006525573192239859 0.00998003992015968
52 0.21807760141093474 0.311127744510978 0.008289241622574956 0.010479041916167664
52 0.21948853615520283 0.3873502994011976 0.008641975308641974 0.01222554890219561
79 0.31225749559082894 0.3940868263473054 0.01675485008818342 0.01222554890219561
338 0.19858906525573192 0.4810379241516966 0.015167548500881834 0.010978043912175649
79 0.3306878306878307 0.43862275449101795 0.007407407407407408 0.019461077844311378
79 0.2940917107583774 0.4421157684630739 0.008994708994708995 0.020958083832335328
79 0.31490299823633155 0.4624500998003992 0.012874779541446208 0.009231536926147704
340 0.29417989417989415 0.468812375249501 0.007407407407407408 0.0124750499001996
340 0.3305996472663139 0.468812375249501 0.00582010582010582 0.011976047904191617
340 0.3156084656084656 0.48003992015968067 0.008641975308641974 0.00998003992015968
340 0.3307760141093474 0.49463572854291415 0.006172839506172839 0.011726546906187624
340 0.29056437389770723 0.5155938123752495 0.008994708994708995 0.011726546906187624
80 0.31243386243386245 0.49650698602794413 0.01181657848324515 0.010978043912175649
80 0.30264550264550266 0.5175898203592815 0.007054673721340388 0.016716566866267466
80 0.31296296296296294 0.5348053892215568 0.012874779541446208 0.01122754491017964
80 0.3217813051146384 0.5225798403193613 0.008641975308641974 0.017714570858283433
52 0.3522927689594356 0.5112275449101796 0.008641975308641974 0.011477045908183632
52 0.2374779541446208 0.6171407185628742 0.008641975308641974 0.010728542914171657
52 0.32945326278659615 0.6173902195608783 0.006701940035273368 0.01222554890219561
52 0.3931216931216931 0.6170159680638723 0.010229276895943563 0.014970059880239521
52 0.4589065255731922 0.6166417165668663 0.010229276895943563 0.012724550898203593
340 0.19223985890652556 0.6327345309381237 0.015167548500881834 0.010479041916167664
340 0.19788359788359788 0.6642964071856288 0.010934744268077601 0.009231536926147704
340 0.23562610229276895 0.6650449101796407 0.007760141093474427 0.013223552894211578
340 0.32663139329805996 0.6618013972055888 0.006701940035273368 0.013223552894211578
340 0.44955908289241625 0.4967564870259481 0.010229276895943563 0.009481037924151697
340 0.4533509700176367 0.47305389221556887 0.0051146384479717815 0.013972055888223553
340 0.41375661375661377 0.4819111776447106 0.008112874779541446 0.013722554890219561
340 0.40749559082892417 0.4968812375249501 0.009700176366843033 0.007235528942115769
340 0.4027336860670194 0.5197105788423154 0.0051146384479717815 0.00998003992015968
340 0.4076719576719577 0.5452844311377245 0.01181657848324515 0.007734530938123752
80 0.42689594356261024 0.49700598802395207 0.01181657848324515 0.00998003992015968
80 0.4174603174603175 0.5209580838323353 0.005643738977072311 0.015469061876247504
80 0.4264550264550265 0.5339321357285429 0.012345679012345678 0.009481037924151697
80 0.43589065255731924 0.5212075848303394 0.009347442680776015 0.015968063872255488
52 0.5069664902998237 0.5101047904191617 0.008994708994708995 0.011726546906187624
340 0.6214285714285714 0.47654690618762474 0.006525573192239859 0.014471057884231538
340 0.6422398589065256 0.49201596806387227 0.007583774250440917 0.014471057884231538
340 0.6779541446208113 0.46644211576846306 0.013756613756613757 0.012724550898203593
340 0.6502645502645502 0.5178393213572854 0.010934744268077601 0.011726546906187624
340 0.6895061728395062 0.4429890219560878 0.012522045855379188 0.012724550898203593
340 0.6855379188712521 0.4132984031936128 0.005643738977072311 0.01222554890219561
340 0.6915343915343916 0.3884730538922156 0.010582010582010581 0.00998003992015968
340 0.6455026455026455 0.5590069860279441 0.007054673721340388 0.008233532934131737
340 0.6318342151675485 0.5739770459081837 0.009347442680776015 0.012724550898203593
339 0.5829805996472663 0.6276197604790419 0.016049382716049384 0.011726546906187624
338 0.5911816578483245 0.5411676646706587 0.010582010582010581 0.008483033932135729