11 0.2242030201342282 0.23070071258907363 0.01174496644295302 0.010095011876484561
11 0.31973573825503354 0.23040380047505937 0.011954697986577181 0.012470308788598575
11 0.41768036912751677 0.233521377672209 0.013213087248322148 0.01157957244655582
11 0.5143666107382551 0.23144299287410927 0.012374161073825503 0.010391923990498812
11 0.5139471476510067 0.3605997624703088 0.012374161073825503 0.013954869358669833
11 0.22493708053691275 0.36252969121140144 0.013213087248322148 0.011876484560570071
7 0.21570889261744966 0.24807007125890737 0.010276845637583893 0.01157957244655582
7 0.31239513422818793 0.24851543942992874 0.008179530201342282 0.009501187648456057
7 0.40918624161073824 0.24821852731591448 0.00964765100671141 0.010095011876484561
7 0.5054530201342282 0.24836698337292162 0.00964765100671141 0.010985748218527316
7 0.505138422818792 0.37885985748218526 0.011115771812080536 0.013657957244655582
7 0.21644295302013422 0.38153206650831356 0.007550335570469799 0.010095011876484561
12 0.39460989932885904 0.3663895486935867 0.012374161073825503 0.010688836104513063
46 0.22084731543624161 0.4523456057007126 0.009228187919463088 0.02167458432304038
48 0.3563338926174497 0.32838479809976245 0.01971476510067114 0.019002375296912115
79 0.3573825503355705 0.3919239904988123 0.011325503355704697 0.010688836104513063
79 0.3250838926174497 0.4042458432304038 0.012164429530201342 0.012173396674584324
79 0.31638003355704697 0.4196852731591449 0.009018456375838927 0.014548693586698337
79 0.34333053691275167 0.4271080760095012 0.008808724832214765 0.014548693586698337
79 0.32518875838926176 0.44700118764845603 0.015310402684563759 0.012173396674584324
79 0.3522441275167785 0.46288598574821854 0.01153523489932886 0.010688836104513063
79 0.39419043624161076 0.43883610451306415 0.011115771812080536 0.015439429928741092
79 0.36346476510067116 0.42814726840855105 0.007130872483221477 0.015439429928741092
49 0.3579068791946309 0.4125593824228028 0.015310402684563759 0.010391923990498812
49 0.38716442953020136 0.45397862232779096 0.013842281879194632 0.013657957244655582
339 0.2608011744966443 0.45961995249406173 0.010276845637583893 0.013064133016627079
338 0.20081795302013422 0.46347980997624705 0.010276845637583893 0.009501187648456057
305 0.1746015100671141 0.45264251781472686 0.01740771812080537 0.013954869358669833
47 0.259123322147651 0.4867874109263658 0.016149328859060404 0.010985748218527316
306 0.31711409395973156 0.5175178147268409 0.00964765100671141 0.008907363420427554
13 0.3921979865771812 0.5069774346793349 0.009228187919463088 0.01811163895486936
306 0.4128565436241611 0.5473574821852731 0.010696308724832215 0.01811163895486936
306 0.45302013422818793 0.5552256532066508 0.012164429530201342 0.008907363420427554
13 0.48699664429530204 0.516478622327791 0.008808724832214765 0.025237529691211402
47 0.5102768456375839 0.48752969121140144 0.013422818791946308 0.013657957244655582
306 0.5069211409395973 0.584916864608076 0.008808724832214765 0.016033254156769598
306 0.5469798657718121 0.5948634204275535 0.01174496644295302 0.014548693586698337
306 0.5811661073825504 0.5384501187648456 0.008808724832214765 0.015736342042755345
339 0.5059773489932886 0.4597684085510689 0.008598993288590604 0.010985748218527316
306 0.5934354026845637 0.38375890736342044 0.009437919463087249 0.012173396674584324
306 0.5946937919463087 0.29676365795724463 0.007340604026845637 0.014548693586698337
306 0.35927013422818793 0.19358669833729217 0.013842281879194632 0.013064133016627079
306 0.14293204697986578 0.34070665083135393 0.013213087248322148 0.018705463182897862