312 0.09689597315436242 0.15068289786223277 0.009228187919463088 0.013954869358669833
312 0.17177013422818793 0.1301959619952494 0.010486577181208054 0.012767220902612826
312 0.3148070469798658 0.13331353919239905 0.00964765100671141 0.009501187648456057
312 0.12311241610738255 0.2259501187648456 0.008808724832214765 0.010095011876484561
312 0.11545721476510067 0.29230997624703087 0.010276845637583893 0.01157957244655582
312 0.11482802013422819 0.32986935866983375 0.009018456375838927 0.013657957244655582
312 0.11493288590604027 0.36193586698337293 0.009228187919463088 0.013064133016627079
312 0.10643875838926174 0.4266627078384798 0.00985738255033557 0.011282660332541567
312 0.13643036912751677 0.42636579572446553 0.01153523489932886 0.012470308788598575
312 0.16149328859060402 0.4467042755344418 0.013003355704697987 0.013954869358669833
312 0.2105704697986577 0.4948040380047506 0.00964765100671141 0.010391923990498812
312 0.21875 0.15513657957244656 0.00964765100671141 0.010391923990498812
312 0.3210989932885906 0.15973871733966746 0.010906040268456376 0.014251781472684086
312 0.2959312080536913 0.24094418052256533 0.009228187919463088 0.009798099762470308
312 0.23720637583892618 0.3021080760095012 0.010906040268456376 0.01157957244655582
312 0.32141359060402686 0.2934976247030879 0.010276845637583893 0.01336104513064133
312 0.3209941275167785 0.32021971496437057 0.010696308724832215 0.010985748218527316
275 0.22063758389261745 0.16641923990498814 0.006711409395973154 0.010391923990498812
94 0.247378355704698 0.15394893111638955 0.009437919463087249 0.008016627078384799
171 0.2468540268456376 0.2047209026128266 0.008389261744966443 0.008016627078384799
275 0.368498322147651 0.19239904988123516 0.00587248322147651 0.007125890736342043
315 0.3669253355704698 0.1840855106888361 0.01153523489932886 0.011282660332541567
315 0.4223993288590604 0.18378859857482185 0.010486577181208054 0.011282660332541567
315 0.4777684563758389 0.1834916864608076 0.010906040268456376 0.011282660332541567
315 0.5201342281879194 0.18334323040380046 0.008389261744966443 0.01336104513064133
275 0.42376258389261745 0.19225059382422802 0.006082214765100671 0.007422802850356294
275 0.4786073825503356 0.19180522565320665 0.00587248322147651 0.00831353919239905
275 0.5232802013422819 0.1921021377672209 0.006291946308724832 0.008907363420427554
275 0.522126677852349 0.2407957244655582 0.007340604026845637 0.009501187648456057
275 0.36860318791946306 0.32927553444180524 0.005662751677852349 0.008907363420427554
275 0.42585989932885904 0.32868171021377673 0.006921140939597316 0.00831353919239905
275 0.48039010067114096 0.32823634204275537 0.006082214765100671 0.008016627078384799
275 0.52873322147651 0.32927553444180524 0.006711409395973154 0.008907363420427554
171 0.4352978187919463 0.20279097387173398 0.0065016778523489934 0.008907363420427554
171 0.4355075503355705 0.26870546318289784 0.008598993288590604 0.010095011876484561
171 0.4422189597315436 0.2592042755344418 0.0065016778523489934 0.010095011876484561
171 0.4854236577181208 0.25875890736342044 0.006921140939597316 0.010391923990498812
171 0.39733640939597314 0.25816508313539194 0.006082214765100671 0.009204275534441805
171 0.35371224832214765 0.25875890736342044 0.004404362416107382 0.0086104513064133
94 0.3205746644295302 0.2580166270783848 0.006082214765100671 0.011282660332541567
94 0.30578859060402686 0.2583135391923991 0.005453020134228188 0.009501187648456057
94 0.5306208053691275 0.2589073634204275 0.00587248322147651 0.010688836104513063
94 0.4352978187919463 0.33046318289786225 0.006921140939597316 0.00831353919239905
94 0.4352978187919463 0.3475356294536817 0.008179530201342282 0.007422802850356294
275 0.32319630872483224 0.32957244655581946 0.005453020134228188 0.009501187648456057
312 0.34416946308724833 0.32467339667458434 0.010067114093959731 0.01336104513064133
317 0.36608640939597314 0.32096199524940616 0.009437919463087249 0.014251781472684086
312 0.3953439597315436 0.32526722090261284 0.009228187919463088 0.01336104513064133
312 0.45983640939597314 0.32615795724465557 0.010696308724832215 0.014548693586698337
312 0.5113255033557047 0.32467339667458434 0.010486577181208054 0.014548693586698337
317 0.4235528523489933 0.3211104513064133 0.009437919463087249 0.012767220902612826
317 0.47651006711409394 0.32021971496437057 0.01174496644295302 0.014548693586698337
317 0.5253775167785235 0.32007125890736343 0.010067114093959731 0.014845605700712588
87 0.38171140939597314 0.3294239904988123 0.008808724832214765 0.009798099762470308
171 0.49276426174496646 0.3583729216152019 0.008598993288590604 0.008907363420427554
94 0.5882969798657718 0.35763064133016625 0.010906040268456376 0.010985748218527316
171 0.5884018456375839 0.40573040380047504 0.006082214765100671 0.0086104513064133
171 0.5882969798657718 0.47669239904988125 0.007969798657718121 0.010391923990498812
171 0.595113255033557 0.537856294536817 0.004823825503355705 0.009798099762470308
171 0.640625 0.5391923990498813 0.006082214765100671 0.011282660332541567
171 0.5481333892617449 0.5380047505938242 0.010276845637583893 0.010095011876484561
171 0.5874580536912751 0.5455760095011877 0.007969798657718121 0.007422802850356294
171 0.5042994966442953 0.5380047505938242 0.005243288590604027 0.010688836104513063
171 0.30526426174496646 0.5385985748218527 0.0065016778523489934 0.010688836104513063
171 0.247378355704698 0.4750593824228028 0.012374161073825503 0.010688836104513063
171 0.2462248322147651 0.5454275534441805 0.007130872483221477 0.00831353919239905
171 0.24863674496644295 0.4064726840855107 0.010276845637583893 0.00831353919239905
171 0.24706375838926176 0.33387767220902614 0.007550335570469799 0.008016627078384799
171 0.41998741610738255 0.6333135391923991 0.009437919463087249 0.00831353919239905
171 0.4191484899328859 0.6542458432304038 0.007340604026845637 0.007422802850356294
171 0.3795092281879195 0.6788895486935868 0.007340604026845637 0.009204275534441805
171 0.42323825503355705 0.6769596199524941 0.005453020134228188 0.010688836104513063
171 0.45249580536912754 0.6756235154394299 0.004823825503355705 0.010391923990498812
171 0.13779362416107382 0.2574228028503563 0.006711409395973154 0.010688836104513063
171 0.1800545302013423 0.25875890736342044 0.005243288590604027 0.009204275534441805
171 0.2230494966442953 0.25950118764845603 0.006082214765100671 0.00831353919239905
171 0.2472734899328859 0.2694477434679335 0.00964765100671141 0.0086104513064133
171 0.27506291946308725 0.2596496437054632 0.006921140939597316 0.009204275534441805
94 0.11335989932885907 0.2574228028503563 0.006082214765100671 0.011876484560570071
94 0.6857172818791947 0.3913301662707839 0.007340604026845637 0.012470308788598575
94 0.7010276845637584 0.40869952494061756 0.008598993288590604 0.007422802850356294
94 0.7059563758389261 0.538895486935867 0.00587248322147651 0.012470308788598575
94 0.5885067114093959 0.6140142517814727 0.010067114093959731 0.009501187648456057
323 0.3608431208053691 0.6781472684085511 0.006082214765100671 0.013657957244655582
323 0.48196308724832215 0.6793349168646081 0.006291946308724832 0.014251781472684086
323 0.41946308724832215 0.7234263657957245 0.008808724832214765 0.008016627078384799
312 0.16275167785234898 0.314875296912114 0.012583892617449664 0.012767220902612826
312 0.1644295302013423 0.3319477434679335 0.010067114093959731 0.00831353919239905
312 0.2139261744966443 0.35228622327790976 0.010486577181208054 0.009204275534441805
312 0.2507340604026846 0.35109857482185275 0.009018456375838927 0.010985748218527316
312 0.19263842281879195 0.4624406175771972 0.009018456375838927 0.012767220902612826
312 0.31868708053691275 0.5014845605700713 0.010276845637583893 0.011876484560570071
94 0.44903523489932884 0.5369655581947743 0.007550335570469799 0.010985748218527316
94 0.4628775167785235 0.53770783847981 0.007550335570469799 0.015439429928741092
312 0.6832005033557047 0.4277019002375297 0.01153523489932886 0.01336104513064133
312 0.6356963087248322 0.4060273159144893 0.014261744966442953 0.016330166270783847
312 0.6127307046979866 0.407957244655582 0.012374161073825503 0.014251781472684086
312 0.5773909395973155 0.40691805225653205 0.00964765100671141 0.012767220902612826
312 0.5414219798657718 0.4066211401425178 0.013213087248322148 0.01336104513064133
313 0.19641359060402686 0.42399049881235157 0.01363255033557047 0.013064133016627079
313 0.2355285234899329 0.42532660332541566 0.01174496644295302 0.012767220902612826
313 0.26048657718120805 0.42473277909738716 0.016778523489932886 0.014548693586698337
313 0.2999161073825503 0.42443586698337293 0.011325503355704697 0.015736342042755345
94 0.24863674496644295 0.6138657957244655 0.011115771812080536 0.009798099762470308
312 0.65373322147651 0.49287410926365793 0.010067114093959731 0.011876484560570071
312 0.696518456375839 0.4913895486935867 0.013003355704697987 0.0166270783847981
275 0.6559354026845637 0.5038598574821853 0.006921140939597316 0.00831353919239905
275 0.697986577181208 0.5029691211401425 0.006711409395973154 0.008907363420427554
312 0.7196937919463087 0.40736342042755347 0.00985738255033557 0.015439429928741092
312 0.6996644295302014 0.35733372921615203 0.013842281879194632 0.014548693586698337
312 0.6435612416107382 0.35332541567695963 0.011954697986577181 0.012470308788598575
275 0.21570889261744966 0.36193586698337293 0.008598993288590604 0.007719714964370546
275 0.25241191275167785 0.35926365795724463 0.00776006711409396 0.009501187648456057
275 0.3778313758389262 0.5880344418052257 0.011954697986577181 0.012173396674584324
275 0.4351929530201342 0.587143705463183 0.010906040268456376 0.012173396674584324
275 0.3191065436241611 0.5109857482185273 0.008598993288590604 0.010688836104513063
275 0.2123531879194631 0.5046021377672208 0.00776006711409396 0.0086104513064133
94 0.12646812080536912 0.42191211401425177 0.00964765100671141 0.008907363420427554
94 0.1378984899328859 0.5374109263657957 0.0065016778523489934 0.01840855106888361
312 0.13653523489932887 0.6324228028503563 0.010486577181208054 0.015439429928741092
30 0.16149328859060402 0.6573634204275535 0.007969798657718121 0.009501187648456057
30 0.2600671140939597 0.6575118764845606 0.007130872483221477 0.009798099762470308
30 0.16033976510067113 0.7272862232779097 0.0065016778523489934 0.006235154394299287
30 0.260381711409396 0.7269893111638955 0.00776006711409396 0.010391923990498812
30 0.3588506711409396 0.7265439429928741 0.007130872483221477 0.00831353919239905
30 0.35916526845637586 0.6567695961995249 0.005662751677852349 0.008907363420427554
315 0.15782298657718122 0.6489014251781473 0.010696308724832215 0.01336104513064133
315 0.25692114093959734 0.6477137767220903 0.010906040268456376 0.015142517814726841
315 0.35622902684563756 0.649643705463183 0.011954697986577181 0.013657957244655582
315 0.15845218120805368 0.7176365795724465 0.00985738255033557 0.013657957244655582
315 0.25765520134228187 0.7177850356294537 0.01153523489932886 0.014548693586698337
315 0.3563338926174497 0.7177850356294537 0.008808724832214765 0.01336104513064133
315 0.11986157718120806 0.6108966745843231 0.011115771812080536 0.01336104513064133
315 0.11912751677852348 0.5092042755344418 0.010906040268456376 0.011876484560570071
275 0.12143456375838926 0.5198931116389549 0.008389261744966443 0.008907363420427554
275 0.12080536912751678 0.6232185273159145 0.007969798657718121 0.008907363420427554
312 0.720113255033557 0.6123812351543944 0.013213087248322148 0.019299287410926364
315 0.5118498322147651 0.647416864608076 0.012374161073825503 0.010985748218527316
315 0.511744966442953 0.7167458432304038 0.013842281879194632 0.013064133016627079
315 0.6114723154362416 0.6468230403800475 0.014052013422818792 0.010985748218527316
315 0.6098993288590604 0.7182304038004751 0.014681208053691275 0.010688836104513063
315 0.7101510067114094 0.6472684085510689 0.010906040268456376 0.012470308788598575
315 0.7110947986577181 0.7171912114014252 0.012793624161073826 0.012767220902612826
30 0.5161493288590604 0.6572149643705463 0.008808724832214765 0.0086104513064133
30 0.6157718120805369 0.6575118764845606 0.006711409395973154 0.009798099762470308
30 0.7150796979865772 0.6579572446555819 0.008598993288590604 0.010095011876484561
30 0.714869966442953 0.7271377672209026 0.008179530201342282 0.009501187648456057
30 0.6173447986577181 0.727583135391924 0.01363255033557047 0.01336104513064133
30 0.5155201342281879 0.7262470308788599 0.006291946308724832 0.011876484560570071
30 0.5485528523489933 0.502375296912114 0.007340604026845637 0.009501187648456057
312 0.5476090604026845 0.49346793349168644 0.017197986577181208 0.013657957244655582
275 0.2945679530201342 0.23173990498812352 0.00985738255033557 0.012173396674584324
342 0.5411073825503355 0.1880938242280285 0.007130872483221477 0.02345605700712589
94 0.4352978187919463 0.15335510688836104 0.014890939597315436 0.010391923990498812
94 0.3732172818791946 0.15201900237529692 0.009437919463087249 0.010688836104513063
94 0.3311661073825503 0.1416270783847981 0.007969798657718121 0.00831353919239905
171 0.36252097315436244 0.1548396674584323 0.009018456375838927 0.0086104513064133
275 0.127621644295302 0.23485748218527316 0.01153523489932886 0.011282660332541567
312 0.3209941275167785 0.38004750593824227 0.011954697986577181 0.016033254156769598