290 0.09689597315436242 0.05032660332541568 0.011325503355704697 0.014548693586698337
285 0.07393036912751678 0.08758907363420428 0.009437919463087249 0.012470308788598575
52 0.174496644295302 0.054780285035629456 0.006711409395973154 0.0086104513064133
52 0.18603187919463088 0.05552256532066508 0.009228187919463088 0.010095011876484561
52 0.25398489932885904 0.055819477434679333 0.007130872483221477 0.009501187648456057
52 0.33252936241610737 0.05626484560570071 0.008598993288590604 0.010391923990498812
171 0.358116610738255 0.055819477434679333 0.00985738255033557 0.007719714964370546
52 0.4514471476510067 0.056561757719714965 0.007340604026845637 0.009204275534441805
52 0.5555788590604027 0.055819477434679333 0.006711409395973154 0.010688836104513063
52 0.605390100671141 0.054038004750593824 0.008179530201342282 0.011282660332541567
53 0.100251677852349 0.07719714964370546 0.007550335570469799 0.013064133016627079
171 0.37919463087248323 0.13509501187648457 0.00964765100671141 0.010095011876484561
290 0.6254194630872483 0.0711104513064133 0.012164429530201342 0.013954869358669833
285 0.6139890939597316 0.08699524940617577 0.010696308724832215 0.012470308788598575
52 0.6372692953020134 0.0877375296912114 0.008179530201342282 0.009204275534441805
52 0.660234899328859 0.08521377672209027 0.008389261744966443 0.013064133016627079
94 0.6528942953020134 0.06992280285035629 0.01174496644295302 0.010391923990498812
52 0.7191694630872483 0.07630641330166271 0.006711409395973154 0.013064133016627079
52 0.7192743288590604 0.22342636579572447 0.00985738255033557 0.014548693586698337
280 0.06858221476510067 0.25445368171021376 0.010486577181208054 0.010095011876484561
290 0.09794463087248322 0.21318289786223277 0.010067114093959731 0.016033254156769598
171 0.3875838926174497 0.21644893111638955 0.010067114093959731 0.009501187648456057
171 0.3795092281879195 0.2975059382422803 0.010696308724832215 0.010095011876484561
290 0.6188129194630873 0.23485748218527316 0.012374161073825503 0.013657957244655582
275 0.6072776845637584 0.25786817102137766 0.00776006711409396 0.009798099762470308
171 0.6657927852348994 0.29379453681710216 0.007340604026845637 0.01157957244655582
94 0.7055369127516778 0.2940914489311164 0.007550335570469799 0.016330166270783847
171 0.5822147651006712 0.3519893111638955 0.006711409395973154 0.013954869358669833
171 0.5368078859060402 0.3531769596199525 0.006082214765100671 0.0086104513064133
171 0.49003775167785235 0.3521377672209026 0.005662751677852349 0.012470308788598575
171 0.4437919463087248 0.3521377672209026 0.006291946308724832 0.013657957244655582
171 0.39796560402684567 0.35169239904988125 0.0065016778523489934 0.01157957244655582
171 0.38873741610738255 0.37826603325415675 0.00776006711409396 0.010095011876484561
171 0.35297818791946306 0.35451306413301664 0.007550335570469799 0.014251781472684086
171 0.3067323825503356 0.3521377672209026 0.007340604026845637 0.012470308788598575
171 0.26101090604026844 0.352583135391924 0.00776006711409396 0.015142517814726841
171 0.2143456375838926 0.351395486935867 0.007550335570469799 0.013954869358669833
171 0.17030201342281878 0.35169239904988125 0.006711409395973154 0.01336104513064133
171 0.12437080536912752 0.35243467933491684 0.005453020134228188 0.011876484560570071
94 0.07802013422818792 0.3500593824228028 0.007130872483221477 0.016033254156769598
280 0.06826761744966443 0.416270783847981 0.011115771812080536 0.013064133016627079
290 0.09763003355704698 0.37485154394299286 0.012793624161073826 0.01336104513064133
171 0.3798238255033557 0.46169833729216153 0.010067114093959731 0.010095011876484561
171 0.38192114093959734 0.5396377672209026 0.008389261744966443 0.012173396674584324
171 0.38234060402684567 0.6177256532066508 0.009228187919463088 0.010985748218527316
94 0.38013842281879195 0.6928444180522565 0.014052013422818792 0.01157957244655582
275 0.06585570469798657 0.5798693586698337 0.009228187919463088 0.013064133016627079
290 0.09846895973154363 0.5362232779097387 0.012374161073825503 0.014251781472684086
53 0.09238674496644295 0.6420724465558195 0.009018456375838927 0.010391923990498812
290 0.09742030201342282 0.6864608076009501 0.012374161073825503 0.012470308788598575
285 0.07393036912751678 0.7238717339667459 0.011115771812080536 0.014251781472684086
177 0.18970218120805368 0.690914489311164 0.008179530201342282 0.012470308788598575
177 0.27632130872483224 0.6906175771971497 0.00776006711409396 0.010095011876484561
177 0.3636744966442953 0.6913598574821853 0.008808724832214765 0.010391923990498812
177 0.45197147651006714 0.690914489311164 0.007130872483221477 0.009501187648456057
177 0.5393246644295302 0.6906175771971497 0.010696308724832215 0.011876484560570071
53 0.6389471476510067 0.6459323040380047 0.006921140939597316 0.010985748218527316
275 0.6069630872483222 0.5798693586698337 0.009228187919463088 0.013064133016627079
290 0.6226929530201343 0.559085510688836 0.013842281879194632 0.012470308788598575
285 0.6147231543624161 0.7249109263657957 0.010067114093959731 0.015142517814726841
290 0.644505033557047 0.6944774346793349 0.00964765100671141 0.0166270783847981
52 0.7189597315436241 0.3813836104513064 0.009228187919463088 0.01157957244655582
52 0.7202181208053692 0.5051959619952494 0.006711409395973154 0.012767220902612826
52 0.6409395973154363 0.4971793349168646 0.006711409395973154 0.010391923990498812
94 0.6510067114093959 0.5010391923990499 0.011325503355704697 0.008016627078384799
280 0.6078020134228188 0.41493467933491684 0.01174496644295302 0.012173396674584324
290 0.6197567114093959 0.39637767220902614 0.012164429530201342 0.013064133016627079