275 0.20553691275167785 0.07556413301662708 0.006291946308724832 0.015736342042755345
275 0.2979236577181208 0.07348574821852731 0.0065016778523489934 0.012173396674584324
275 0.3885276845637584 0.07259501187648457 0.0065016778523489934 0.010985748218527316
275 0.4805998322147651 0.07378266033254156 0.005243288590604027 0.010391923990498812
323 0.5201342281879194 0.08046318289786224 0.011325503355704697 0.008907363420427554
323 0.42953020134228187 0.08090855106888362 0.008808724832214765 0.007422802850356294
323 0.3377726510067114 0.07942399049881235 0.011115771812080536 0.010985748218527316
323 0.2472734899328859 0.07986935866983373 0.008389261744966443 0.007125890736342043
324 0.1196518456375839 0.39667458432304037 0.007340604026845637 0.012470308788598575
324 0.11881291946308725 0.6306413301662708 0.008179530201342282 0.013064133016627079
324 0.11996644295302013 0.8283847980997625 0.007130872483221477 0.012470308788598575
323 0.15425755033557048 0.7517814726840855 0.01153523489932886 0.008907363420427554
323 0.24821728187919462 0.7522268408551069 0.00776006711409396 0.010985748218527316
323 0.33966023489932884 0.7537114014251781 0.014890939597315436 0.012767220902612826
323 0.42984479865771813 0.7519299287410927 0.00985738255033557 0.010391923990498812
275 0.20532718120805368 0.7584619952494062 0.006711409395973154 0.012173396674584324
275 0.296875 0.7589073634204275 0.00776006711409396 0.011282660332541567
275 0.38873741610738255 0.7583135391923991 0.003984899328859061 0.008907363420427554
275 0.47997063758389263 0.7593527315914489 0.005662751677852349 0.012767220902612826
323 0.5218120805369127 0.7525237529691211 0.010906040268456376 0.010391923990498812
285 0.535130033557047 0.5571555819477435 0.008598993288590604 0.006828978622327791
285 0.4909815436241611 0.5080166270783848 0.008808724832214765 0.007125890736342043
285 0.4823825503355705 0.609709026128266 0.010067114093959731 0.0086104513064133
285 0.4825922818791946 0.6938836104513064 0.010906040268456376 0.007719714964370546
286 0.11797399328859061 0.9367577197149644 0.005662751677852349 0.010688836104513063
181 0.42302852348993286 0.06398456057007126 0.006711409395973154 0.0086104513064133
181 0.4352978187919463 0.06368764845605701 0.0065016778523489934 0.009798099762470308
285 0.48626258389261745 0.15855106888361045 0.009018456375838927 0.009501187648456057
285 0.5029362416107382 0.23173990498812352 0.007130872483221477 0.006828978622327791
285 0.5073406040268457 0.28340261282660334 0.008389261744966443 0.006235154394299287
285 0.4816484899328859 0.35688836104513066 0.00985738255033557 0.007719714964370546
285 0.49077181208053694 0.4251781472684085 0.008389261744966443 0.007125890736342043
285 0.5350251677852349 0.4569477434679335 0.010067114093959731 0.007719714964370546
323 0.5758179530201343 0.39830760095011875 0.006082214765100671 0.012767220902612826