301 0.12541946308724833 0.25385985748218526 0.009228187919463088 0.012470308788598575
285 0.13653523489932887 0.27909738717339666 0.01174496644295302 0.013064133016627079
301 0.12416107382550336 0.41493467933491684 0.009228187919463088 0.009798099762470308
301 0.22283976510067113 0.3944477434679335 0.010696308724832215 0.012173396674584324
301 0.2230494966442953 0.251187648456057 0.010276845637583893 0.011282660332541567
286 0.12384647651006711 0.4282957244655582 0.014890939597315436 0.0086104513064133
281 0.23940855704697986 0.4236935866983373 0.013213087248322148 0.011282660332541567
275 0.2398280201342282 0.28369952494061756 0.011954697986577181 0.009798099762470308
301 0.5548447986577181 0.2471793349168646 0.009437919463087249 0.012173396674584324
301 0.6221686241610739 0.248812351543943 0.007340604026845637 0.014251781472684086
301 0.6225880872483222 0.3892517814726841 0.009437919463087249 0.014845605700712588
301 0.5524328859060402 0.3888064133016627 0.009228187919463088 0.012767220902612826
280 0.5644924496644296 0.25935273159144895 0.00985738255033557 0.010985748218527316
280 0.5639681208053692 0.4005344418052256 0.012164429530201342 0.011282660332541567
285 0.5949035234899329 0.25504750593824227 0.013213087248322148 0.011876484560570071
285 0.5950083892617449 0.397416864608076 0.012164429530201342 0.010985748218527316
276 0.43739513422818793 0.4248812351543943 0.012374161073825503 0.012470308788598575