159 0.04347181008902077 0.22787332214765102 0.009198813056379823 0.009018456375838927
159 0.07218100890207715 0.19536493288590603 0.0072700296735905045 0.007340604026845637
159 0.025148367952522257 0.27380453020134227 0.009347181008902077 0.007340604026845637
159 0.02559347181008902 0.30085989932885904 0.008456973293768546 0.009437919463087249
158 0.061646884272997034 0.21298238255033558 0.012017804154302671 0.010696308724832215
158 0.025445103857566764 0.24968540268456377 0.010534124629080118 0.009018456375838927
151 0.09799703264094956 0.18991191275167785 0.009643916913946587 0.007340604026845637
158 0.13382789317507418 0.17984479865771813 0.013056379821958458 0.012793624161073826
158 0.21060830860534124 0.17900587248322147 0.010237388724035608 0.011115771812080536
152 0.24859050445103859 0.17984479865771813 0.013501483679525222 0.011115771812080536
151 0.17514836795252225 0.17606963087248323 0.010237388724035608 0.010696308724832215
152 0.28753709198813054 0.1800545302013423 0.013353115727002967 0.009018456375838927
153 0.32744807121661723 0.17900587248322147 0.009792284866468843 0.010276845637583893
153 0.3646142433234421 0.17984479865771813 0.009347181008902077 0.011954697986577181
153 0.4021513353115727 0.18089345637583892 0.010534124629080118 0.00985738255033557
153 0.4405786350148368 0.18026426174496643 0.010534124629080118 0.011115771812080536
153 0.47781899109792286 0.1794253355704698 0.009940652818991098 0.011115771812080536
153 0.516839762611276 0.17921560402684564 0.008160237388724036 0.00985738255033557
152 0.5568249258160237 0.17963506711409397 0.012462908011869436 0.01153523489932886
152 0.5952522255192878 0.18131291946308725 0.013056379821958458 0.009018456375838927
152 0.6318991097922849 0.18026426174496643 0.011275964391691394 0.009437919463087249
157 0.6696587537091988 0.1766988255033557 0.009050445103857567 0.008598993288590604
152 0.7083827893175074 0.1750209731543624 0.013204747774480712 0.009437919463087249
157 0.738946587537092 0.1756501677852349 0.010237388724035608 0.008179530201342282
151 0.7445845697329377 0.19284815436241612 0.01112759643916914 0.01153523489932886
154 0.05875370919881306 0.3026426174496644 0.008902077151335312 0.008389261744966443
154 0.09799703264094956 0.3022231543624161 0.009643916913946587 0.007550335570469799
154 0.06238872403560831 0.43361996644295303 0.013501483679525222 0.008598993288590604
154 0.09829376854599406 0.4332005033557047 0.007863501483679525 0.010276845637583893
154 0.0607566765578635 0.5636535234899329 0.007863501483679525 0.011954697986577181
154 0.09814540059347181 0.5621854026845637 0.009347181008902077 0.013213087248322148
154 0.060534124629080116 0.6934773489932886 0.012462908011869436 0.011115771812080536
154 0.09933234421364985 0.6932676174496645 0.009940652818991098 0.012374161073825503
154 0.8223293768545994 0.6924286912751678 0.008753709198813056 0.010696308724832215
154 0.82040059347181 0.5615562080536913 0.007863501483679525 0.01363255033557047
154 0.780786350148368 0.5621854026845637 0.007863501483679525 0.01153523489932886
154 0.7447329376854599 0.4327810402684564 0.009643916913946587 0.011954697986577181
156 0.13761127596439168 0.3019085570469799 0.012611275964391691 0.009018456375838927
156 0.17596439169139466 0.3022231543624161 0.011275964391691394 0.007550335570469799
156 0.21379821958456974 0.3028523489932886 0.013056379821958458 0.007969798657718121
156 0.25192878338278935 0.3028523489932886 0.010682492581602374 0.008808724832214765
156 0.29080118694362017 0.3023280201342282 0.011572700296735905 0.008179530201342282
156 0.32729970326409497 0.3023280201342282 0.011275964391691394 0.008179530201342282
156 0.3655786350148368 0.302118288590604 0.014540059347181009 0.009437919463087249
156 0.403486646884273 0.3022231543624161 0.01083086053412463 0.006711409395973154
156 0.4411721068249258 0.30127936241610737 0.012908011869436202 0.00776006711409396
156 0.48019287833827895 0.3024328859060403 0.009347181008902077 0.007969798657718121
156 0.5181008902077151 0.3027474832214765 0.010682492581602374 0.00985738255033557
156 0.555786350148368 0.3016988255033557 0.008605341246290801 0.010276845637583893
156 0.5940652818991098 0.302118288590604 0.013056379821958458 0.011115771812080536
156 0.6314540059347181 0.30306208053691275 0.015133531157270029 0.009228187919463088
156 0.6706973293768546 0.30253775167785235 0.012908011869436202 0.010276845637583893
154 0.7057121661721069 0.3023280201342282 0.009643916913946587 0.009018456375838927
154 0.7442878338278932 0.3031669463087248 0.009347181008902077 0.00985738255033557
159 0.7539317507418397 0.23080956375838926 0.008160237388724036 0.009437919463087249
159 0.7629080118694362 0.26520553691275167 0.010385756676557863 0.012374161073825503
159 0.7720326409495549 0.2989723154362416 0.008456973293768546 0.010696308724832215
159 0.7914688427299703 0.3681837248322148 0.01112759643916914 0.011954697986577181
159 0.7974035608308605 0.39146392617449666 0.009050445103857567 0.008179530201342282
151 0.7821216617210682 0.3367239932885906 0.0063798219584569734 0.012374161073825503
155 0.7058605341246291 0.43131291946308725 0.008160237388724036 0.008179530201342282
155 0.6687685459940653 0.43131291946308725 0.007863501483679525 0.008179530201342282
155 0.6299703264094956 0.4317323825503356 0.009792284866468843 0.009018456375838927
155 0.5920623145400593 0.43236157718120805 0.008456973293768546 0.008598993288590604
155 0.555786350148368 0.43257130872483224 0.012166172106824925 0.010696308724832215
155 0.5158011869436202 0.43057885906040266 0.007863501483679525 0.00587248322147651
155 0.4794510385756677 0.4321518456375839 0.008456973293768546 0.008179530201342282
155 0.44028189910979226 0.4308934563758389 0.009940652818991098 0.010696308724832215
155 0.4013353115727003 0.43131291946308725 0.009198813056379823 0.009018456375838927
155 0.36379821958456976 0.4306837248322148 0.009792284866468843 0.009437919463087249
155 0.3255192878338279 0.4308934563758389 0.009495548961424332 0.008179530201342282
155 0.2894658753709199 0.43257130872483224 0.010089020771513354 0.01153523489932886
155 0.25029673590504453 0.4315226510067114 0.012166172106824925 0.009437919463087249
155 0.21327893175074183 0.4319421140939597 0.010237388724035608 0.008598993288590604
155 0.17655786350148367 0.43257130872483224 0.010682492581602374 0.01153523489932886
155 0.13553412462908013 0.43236157718120805 0.008456973293768546 0.00776006711409396
155 0.1359792284866469 0.5609270134228188 0.009940652818991098 0.00985738255033557
155 0.17425816023738872 0.5613464765100671 0.0072700296735905045 0.007340604026845637
155 0.2120919881305638 0.5613464765100671 0.0072700296735905045 0.008179530201342282
155 0.25029673590504453 0.5621854026845637 0.015133531157270029 0.00985738255033557
155 0.2876112759643917 0.5609270134228188 0.010534124629080118 0.012374161073825503
155 0.3252967359050445 0.561136744966443 0.008456973293768546 0.00776006711409396
155 0.3652077151335312 0.5613464765100671 0.009347181008902077 0.009018456375838927
155 0.402299703264095 0.5626048657718121 0.007863501483679525 0.009018456375838927
155 0.4399851632047478 0.561136744966443 0.009347181008902077 0.009437919463087249
155 0.4790059347181009 0.5634437919463087 0.009347181008902077 0.010696308724832215
155 0.5162462908011869 0.5617659395973155 0.009940652818991098 0.009018456375838927
155 0.5549703264094955 0.5626048657718121 0.009940652818991098 0.008179530201342282
155 0.5939910979228487 0.5621854026845637 0.008456973293768546 0.009018456375838927
155 0.6302670623145401 0.5607172818791947 0.008605341246290801 0.009437919463087249
155 0.6686201780415431 0.5607172818791947 0.006973293768545994 0.011115771812080536
155 0.6693620178041543 0.691484899328859 0.010237388724035608 0.010906040268456376
155 0.7061572700296735 0.5607172818791947 0.008753709198813056 0.010276845637583893
155 0.7444362017804155 0.5621854026845637 0.008456973293768546 0.007340604026845637
155 0.7064540059347181 0.6915897651006712 0.009347181008902077 0.010276845637583893
155 0.7439910979228487 0.6907508389261745 0.008160237388724036 0.008598993288590604
155 0.7822700296735905 0.6916946308724832 0.009050445103857567 0.009228187919463088
154 0.8514094955489614 0.561136744966443 0.0075667655786350145 0.011954697986577181
159 0.8597181008902077 0.561136744966443 0.0072700296735905045 0.010276845637583893
155 0.6307863501483679 0.6909605704697986 0.008160237388724036 0.00985738255033557
155 0.5931750741839763 0.6917994966442953 0.010089020771513354 0.010276845637583893
155 0.5551928783382789 0.6916946308724832 0.012166172106824925 0.010067114093959731
155 0.5152077151335311 0.691484899328859 0.012017804154302671 0.010906040268456376
155 0.4790059347181009 0.691484899328859 0.008753709198813056 0.010906040268456376
155 0.44043026706231453 0.6921140939597316 0.009643916913946587 0.009228187919463088
155 0.40259643916913945 0.6919043624161074 0.01083086053412463 0.00964765100671141
155 0.36491097922848664 0.691380033557047 0.009347181008902077 0.00985738255033557
155 0.3252967359050445 0.6916946308724832 0.009050445103857567 0.010067114093959731
155 0.2882789317507418 0.6920092281879194 0.009495548961424332 0.00985738255033557
155 0.2508160237388724 0.691380033557047 0.009643916913946587 0.00985738255033557
155 0.21327893175074183 0.691484899328859 0.010237388724035608 0.010906040268456376
155 0.17529673590504452 0.6922189597315436 0.01172106824925816 0.011115771812080536
155 0.13642433234421364 0.6920092281879194 0.012017804154302671 0.010696308724832215
159 0.025 0.34406459731543626 0.009050445103857567 0.011115771812080536
159 0.025 0.38664010067114096 0.007863501483679525 0.009018456375838927
159 0.025445103857566764 0.43078859060402686 0.008160237388724036 0.007969798657718121
159 0.02529673590504451 0.47388842281879195 0.007863501483679525 0.008598993288590604
159 0.02470326409495549 0.5160444630872483 0.008456973293768546 0.008179530201342282
159 0.025 0.5594588926174496 0.0072700296735905045 0.008598993288590604
159 0.025148367952522257 0.5864093959731543 0.0075667655786350145 0.008389261744966443
159 0.025 0.6174496644295302 0.0066765578635014835 0.008808724832214765
159 0.027373887240356082 0.6519505033557047 0.008456973293768546 0.010276845637583893
159 0.029228486646884273 0.6890729865771812 0.008605341246290801 0.011115771812080536
159 0.029525222551928784 0.7268246644295302 0.009198813056379823 0.011115771812080536
159 0.03419881305637982 0.7755872483221476 0.010534124629080118 0.012164429530201342
159 0.037833827893175076 0.8173238255033557 0.010089020771513354 0.010906040268456376
158 0.06216617210682492 0.8209941275167785 0.013353115727002967 0.011115771812080536
151 0.09740356083086053 0.8203649328859061 0.008456973293768546 0.007340604026845637
158 0.1368694362017804 0.8214135906040269 0.015578635014836795 0.00776006711409396
153 0.1722551928783383 0.8226719798657718 0.011869436201780416 0.010276845637583893
153 0.21283382789317506 0.8258179530201343 0.009347181008902077 0.008179530201342282
153 0.2522255192878338 0.8233011744966443 0.008902077151335312 0.00985738255033557
153 0.2887240356083086 0.8251887583892618 0.008605341246290801 0.00776006711409396
153 0.3258160237388724 0.8247692953020134 0.00830860534124629 0.008598993288590604
153 0.36416913946587537 0.8247692953020134 0.009050445103857567 0.008598993288590604
153 0.4024480712166172 0.8247692953020134 0.009940652818991098 0.009437919463087249
153 0.44013353115727005 0.824140100671141 0.009643916913946587 0.008179530201342282
153 0.4788575667655786 0.824140100671141 0.009050445103857567 0.008179530201342282
153 0.5159495548961425 0.8247692953020134 0.009347181008902077 0.006921140939597316
153 0.5548961424332344 0.8251887583892618 0.010385756676557863 0.009437919463087249
153 0.5916172106824926 0.8243498322147651 0.009347181008902077 0.00776006711409396
152 0.6281899109792285 0.8235109060402684 0.014540059347181009 0.008598993288590604
152 0.6658011869436202 0.8237206375838926 0.009347181008902077 0.009018456375838927
152 0.705786350148368 0.8235109060402684 0.01543026706231454 0.011115771812080536
157 0.7444362017804155 0.8224622483221476 0.008456973293768546 0.007340604026845637
151 0.7824183976261128 0.819106543624161 0.006973293768545994 0.008179530201342282
157 0.8202522255192878 0.8228817114093959 0.0075667655786350145 0.008179530201342282
151 0.8515578635014837 0.8205746644295302 0.009643916913946587 0.011115771812080536
160 0.8508160237388724 0.7811451342281879 0.009940652818991098 0.008598993288590604
160 0.8505192878338279 0.7441275167785235 0.0063798219584569734 0.008808724832214765
157 0.8509643916913947 0.7079488255033557 0.0072700296735905045 0.009437919463087249
157 0.8831602373887241 0.7081585570469798 0.008456973293768546 0.009018456375838927
159 0.8832344213649852 0.6748112416107382 0.009495548961424332 0.009018456375838927
159 0.8830118694362018 0.6469169463087249 0.0075667655786350145 0.00985738255033557
159 0.8717359050445104 0.608011744966443 0.009347181008902077 0.012583892617449664
159 0.8330860534124629 0.4611996644295302 0.012166172106824925 0.010906040268456376
159 0.8423590504451038 0.49381291946308725 0.009347181008902077 0.00985738255033557
151 0.8506676557863502 0.5275796979865772 0.007863501483679525 0.00985738255033557
246 0.06646884272997032 0.28166946308724833 0.007121661721068249 0.007550335570469799
246 0.10437685459940653 0.2822986577181208 0.008456973293768546 0.007969798657718121
246 0.1432492581602374 0.2833473154362416 0.010534124629080118 0.007550335570469799
246 0.18078635014836794 0.2829278523489933 0.0075667655786350145 0.009228187919463088
246 0.21891691394658755 0.28240352348993286 0.0075667655786350145 0.010276845637583893
246 0.2573442136498516 0.28187919463087246 0.0075667655786350145 0.008808724832214765
246 0.2948813056379822 0.282508389261745 0.006973293768545994 0.010067114093959731
246 0.33323442136498516 0.28208892617449666 0.009792284866468843 0.007550335570469799
246 0.3701780415430267 0.2829278523489933 0.010979228486646885 0.010067114093959731
246 0.4094213649851632 0.2829278523489933 0.008160237388724036 0.010067114093959731
246 0.44725519287833826 0.282508389261745 0.009940652818991098 0.010067114093959731
246 0.4856824925816024 0.28313758389261745 0.008160237388724036 0.00964765100671141
246 0.5230712166172107 0.2829278523489933 0.007863501483679525 0.008389261744966443
246 0.561646884272997 0.2829278523489933 0.008753709198813056 0.008389261744966443
246 0.5999258160237388 0.28240352348993286 0.007863501483679525 0.010276845637583893
246 0.6376854599406528 0.2827181208053691 0.009495548961424332 0.010906040268456376
246 0.6747774480712166 0.2822986577181208 0.007121661721068249 0.00964765100671141
246 0.7120919881305638 0.2829278523489933 0.0072700296735905045 0.008389261744966443
246 0.7505192878338279 0.2834521812080537 0.007863501483679525 0.009437919463087249
246 0.7503709198813057 0.41243708053691275 0.008160237388724036 0.00985738255033557
246 0.7128338278931751 0.41264681208053694 0.0075667655786350145 0.011115771812080536
246 0.6745548961424332 0.41264681208053694 0.0075667655786350145 0.011115771812080536
246 0.6378338278931751 0.4130662751677852 0.009198813056379823 0.008598993288590604
246 0.6 0.41264681208053694 0.010385756676557863 0.009437919463087249
246 0.5622403560830861 0.4132760067114094 0.008753709198813056 0.010696308724832215
246 0.5241097922848664 0.41243708053691275 0.010534124629080118 0.009018456375838927
246 0.48508902077151334 0.4132760067114094 0.009347181008902077 0.01153523489932886
246 0.44710682492581605 0.4118078859060403 0.009050445103857567 0.008598993288590604
246 0.4107566765578635 0.41348573825503354 0.009643916913946587 0.00776006711409396
246 0.37136498516320476 0.41264681208053694 0.009792284866468843 0.009437919463087249
246 0.33301186943620176 0.41243708053691275 0.008160237388724036 0.01153523489932886
246 0.2945845697329377 0.4122273489932886 0.009940652818991098 0.008598993288590604
246 0.25764094955489614 0.41243708053691275 0.010534124629080118 0.009018456375838927
246 0.2193620178041543 0.41264681208053694 0.009050445103857567 0.008598993288590604
246 0.1812314540059347 0.4122273489932886 0.009050445103857567 0.009437919463087249
246 0.1435459940652819 0.4128565436241611 0.009940652818991098 0.00985738255033557
246 0.10541543026706232 0.4120176174496644 0.009347181008902077 0.010696308724832215
246 0.06565281899109793 0.41348573825503354 0.008160237388724036 0.010276845637583893
246 0.06550445103857566 0.5424706375838926 0.0072700296735905045 0.009018456375838927
246 0.06580118694362018 0.6735528523489933 0.0072700296735905045 0.010696308724832215
246 0.1048219584569733 0.671875 0.008160237388724036 0.010696308724832215
246 0.1043026706231454 0.5422609060402684 0.009198813056379823 0.009437919463087249
246 0.14265578635014836 0.5410025167785235 0.008160237388724036 0.010276845637583893
246 0.18108308605341247 0.5420511744966443 0.0063798219584569734 0.009018456375838927
246 0.22077151335311573 0.5426803691275168 0.010682492581602374 0.011115771812080536
246 0.25823442136498514 0.5435192953020134 0.008160237388724036 0.009437919463087249
246 0.2956973293768546 0.5422609060402684 0.009198813056379823 0.009437919463087249
246 0.33397626112759643 0.5422609060402684 0.010089020771513354 0.010276845637583893
246 0.37106824925816023 0.5424706375838926 0.009198813056379823 0.010696308724832215
246 0.4091246290801187 0.5424706375838926 0.0075667655786350145 0.009018456375838927
246 0.18078635014836794 0.670511744966443 0.006973293768545994 0.008808724832214765
246 0.14310089020771513 0.6720847315436241 0.008456973293768546 0.010276845637583893
246 0.2193620178041543 0.6709312080536913 0.010237388724035608 0.013422818791946308
246 0.25749258160237387 0.671875 0.008456973293768546 0.010696308724832215
246 0.2951780415430267 0.6722944630872483 0.009347181008902077 0.010696308724832215
246 0.33345697329376855 0.6720847315436241 0.0072700296735905045 0.010276845637583893
246 0.37218100890207717 0.6727139261744967 0.008753709198813056 0.009018456375838927
246 0.40986646884273 0.6720847315436241 0.008456973293768546 0.010276845637583893
246 0.44710682492581605 0.5410025167785235 0.008456973293768546 0.010276845637583893
246 0.48553412462908013 0.5420511744966443 0.008456973293768546 0.009018456375838927
246 0.5233679525222552 0.5412122483221476 0.007863501483679525 0.00985738255033557
246 0.561646884272997 0.5422609060402684 0.008753709198813056 0.009437919463087249
246 0.5996290801186943 0.5426803691275168 0.008456973293768546 0.009437919463087249
246 0.6367952522255192 0.542890100671141 0.009495548961424332 0.00985738255033557
246 0.6754451038575667 0.5422609060402684 0.007863501483679525 0.010276845637583893
246 0.7140207715133531 0.5433095637583892 0.0075667655786350145 0.00985738255033557
246 0.752299703264095 0.5430998322147651 0.008456973293768546 0.010276845637583893
246 0.7892433234421365 0.5424706375838926 0.008456973293768546 0.00985738255033557
246 0.8281157270029673 0.5424706375838926 0.008160237388724036 0.009018456375838927
246 0.8266320474777448 0.6722944630872483 0.010534124629080118 0.00985738255033557
246 0.7899851632047478 0.6729236577181208 0.008160237388724036 0.010276845637583893
246 0.751706231454006 0.6720847315436241 0.010237388724035608 0.010276845637583893
246 0.7138724035608308 0.6712458053691275 0.008456973293768546 0.009437919463087249
246 0.6757418397626113 0.6714555369127517 0.008456973293768546 0.00985738255033557
246 0.48375370919881305 0.6711409395973155 0.009050445103857567 0.009228187919463088
246 0.4469584569732938 0.6715604026845637 0.009347181008902077 0.008389261744966443
246 0.524406528189911 0.6707214765100671 0.006973293768545994 0.010067114093959731
246 0.5620919881305638 0.6722944630872483 0.007863501483679525 0.009018456375838927
246 0.6002225519287834 0.6722944630872483 0.0072700296735905045 0.00985738255033557
246 0.6375370919881306 0.6720847315436241 0.008011869436201781 0.010276845637583893
233 0.06758160237388725 0.7965604026845637 0.008160237388724036 0.010486577181208054
233 0.1051186943620178 0.79939177852349 0.008753709198813056 0.008179530201342282
233 0.1438427299703264 0.7966652684563759 0.008753709198813056 0.010276845637583893
233 0.18048961424332344 0.7945679530201343 0.010534124629080118 0.010696308724832215
233 0.21980712166172106 0.7951971476510067 0.0075667655786350145 0.009437919463087249
244 0.25749258160237387 0.7947776845637584 0.009050445103857567 0.009437919463087249
244 0.29577151335311574 0.79435822147651 0.008753709198813056 0.009437919463087249
244 0.33367952522255195 0.7949874161073825 0.006824925816023739 0.008179530201342282
244 0.37292284866468844 0.7960360738255033 0.01142433234421365 0.010276845637583893
244 0.40801186943620177 0.7937290268456376 0.008605341246290801 0.00985738255033557
244 0.44725519287833826 0.7939387583892618 0.008160237388724036 0.009437919463087249
244 0.4846439169139466 0.7941484899328859 0.009643916913946587 0.00985738255033557
244 0.5230712166172107 0.7945679530201343 0.008456973293768546 0.009018456375838927
244 0.5619436201780416 0.79435822147651 0.008753709198813056 0.009437919463087249
244 0.5985905044510386 0.7945679530201343 0.009940652818991098 0.00985738255033557
233 0.6371661721068249 0.7945679530201343 0.007863501483679525 0.009018456375838927
233 0.6747032640949555 0.7918414429530202 0.007863501483679525 0.011115771812080536
233 0.7132789317507419 0.7964555369127517 0.009050445103857567 0.010276845637583893
233 0.7500741839762611 0.7991820469798657 0.008753709198813056 0.009437919463087249
233 0.7887982195845697 0.7998112416107382 0.0075667655786350145 0.010696308724832215
233 0.8270771513353116 0.7991820469798657 0.0072700296735905045 0.008598993288590604
233 0.8583827893175074 0.7987625838926175 0.009347181008902077 0.008598993288590604
323 0.8402818991097922 0.8064177852348994 0.0075667655786350145 0.007550335570469799
86 0.7775222551928783 0.8076761744966443 0.0075667655786350145 0.006711409395973154
325 0.6905786350148369 0.8062080536912751 0.008456973293768546 0.008808724832214765
325 0.6542284866468843 0.8064177852348994 0.008456973293768546 0.008389261744966443
86 0.602299703264095 0.816380033557047 0.0075667655786350145 0.008179530201342282
86 0.586053412462908 0.816484899328859 0.008011869436201781 0.007130872483221477
86 0.5649109792284867 0.8166946308724832 0.009643916913946587 0.007550335570469799
86 0.5478486646884273 0.8160654362416108 0.0066765578635014835 0.007130872483221477
86 0.5290059347181009 0.8171140939597316 0.009347181008902077 0.009228187919463088
86 0.5094213649851632 0.8155411073825504 0.01142433234421365 0.007340604026845637
86 0.49050445103857565 0.8162751677852349 0.009495548961424332 0.007550335570469799
86 0.43390207715133533 0.8161703020134228 0.009347181008902077 0.00776006711409396
86 0.4152818991097923 0.8159605704697986 0.007121661721068249 0.007340604026845637
86 0.39384272997032643 0.8157508389261745 0.007863501483679525 0.008598993288590604
86 0.40022255192878337 0.8159605704697986 0.006973293768545994 0.007340604026845637
86 0.3764094955489614 0.8171140939597316 0.011869436201780416 0.009228187919463088
86 0.3586795252225519 0.8160654362416108 0.01083086053412463 0.007130872483221477
86 0.3373145400593472 0.8162751677852349 0.008753709198813056 0.007550335570469799
86 0.3209940652818991 0.8157508389261745 0.01112759643916914 0.00776006711409396
86 0.08108308605341247 0.8153313758389261 0.0075667655786350145 0.006921140939597316
86 0.08902077151335312 0.8157508389261745 0.008902077151335312 0.008598993288590604
86 0.18635014836795252 0.8169043624161074 0.010385756676557863 0.007130872483221477
86 0.20660237388724034 0.816484899328859 0.0072700296735905045 0.006291946308724832
86 0.22381305637982196 0.8166946308724832 0.008160237388724036 0.008389261744966443
86 0.24562314540059346 0.8159605704697986 0.0075667655786350145 0.007340604026845637
86 0.26194362017804157 0.8169043624161074 0.008160237388724036 0.007969798657718121
86 0.2816765578635015 0.8155411073825504 0.0072700296735905045 0.0065016778523489934
86 0.30066765578635013 0.8169043624161074 0.010534124629080118 0.007969798657718121
53 0.8587537091988131 0.7618498322147651 0.010682492581602374 0.010276845637583893
161 0.869807121661721 0.691484899328859 0.009643916913946587 0.007969798657718121
7 0.8903560830860534 0.6850880872483222 0.010979228486646885 0.009018456375838927
53 0.8899851632047477 0.6608640939597316 0.0072700296735905045 0.006711409395973154
11 0.8718842729970326 0.6593959731543624 0.009050445103857567 0.005453020134228188
343 0.869807121661721 0.6493288590604027 0.010237388724035608 0.006711409395973154
309 0.869807121661721 0.638003355704698 0.0072700296735905045 0.007969798657718121
53 0.8885014836795252 0.6318162751677853 0.0066765578635014835 0.006082214765100671
54 0.8769287833827893 0.588611577181208 0.0075667655786350145 0.009437919463087249
54 0.8663946587537092 0.5456166107382551 0.010237388724035608 0.00985738255033557
246 0.8580860534124629 0.5414219798657718 0.006973293768545994 0.010276845637583893
54 0.8387982195845697 0.4459941275167785 0.006973293768545994 0.010276845637583893
54 0.8475519287833828 0.47976090604026844 0.0063798219584569734 0.008598993288590604
243 0.8580118694362018 0.5108011744966443 0.012759643916913947 0.00985738255033557
7 0.7886498516320475 0.4143246644295302 0.008456973293768546 0.008598993288590604
7 0.8137240356083086 0.4173657718120805 0.007863501483679525 0.006711409395973154
86 0.8010385756676558 0.40006291946308725 0.00741839762611276 0.007340604026845637
86 0.8033382789317507 0.40918624161073824 0.008753709198813056 0.006711409395973154
54 0.8043768545994066 0.3820260067114094 0.0066765578635014835 0.008179530201342282
233 0.826780415430267 0.4132760067114094 0.0072700296735905045 0.009018456375838927
54 0.8305637982195846 0.4186241610738255 0.008902077151335312 0.006711409395973154
323 0.7251483679525222 0.15782298657718122 0.009347181008902077 0.009018456375838927
323 0.6925074183976261 0.15908137583892618 0.008160237388724036 0.0065016778523489934
86 0.5499258160237389 0.16778523489932887 0.008753709198813056 0.009228187919463088
86 0.5100148367952523 0.16778523489932887 0.007863501483679525 0.006711409395973154
86 0.4723293768545994 0.16715604026845637 0.009940652818991098 0.007969798657718121
86 0.49072700296735905 0.16830956375838926 0.008456973293768546 0.008598993288590604
86 0.4324183976261128 0.16673657718120805 0.010534124629080118 0.008808724832214765
86 0.4515578635014837 0.16830956375838926 0.009050445103857567 0.008598993288590604
86 0.395326409495549 0.1669463087248322 0.009643916913946587 0.008389261744966443
86 0.41357566765578635 0.16799496644295303 0.009940652818991098 0.007130872483221477
86 0.4114985163204748 0.15845218120805368 0.009347181008902077 0.009437919463087249
86 0.3760385756676558 0.1687290268456376 0.009940652818991098 0.00776006711409396
86 0.35838278931750744 0.16778523489932887 0.0072700296735905045 0.007550335570469799
86 0.33879821958456974 0.1686241610738255 0.01112759643916914 0.006711409395973154
86 0.32129080118694364 0.16715604026845637 0.008753709198813056 0.006291946308724832
86 0.3002225519287834 0.1675755033557047 0.009643916913946587 0.006291946308724832
86 0.2823442136498516 0.1669463087248322 0.010979228486646885 0.007550335570469799
86 0.2641691394658754 0.1686241610738255 0.012611275964391691 0.006711409395973154
86 0.24458456973293768 0.1686241610738255 0.0075667655786350145 0.0050335570469798654
86 0.2021513353115727 0.16820469798657717 0.009050445103857567 0.00587248322147651
86 0.2067507418397626 0.15908137583892618 0.0057863501483679525 0.0065016778523489934
86 0.051409495548961424 0.20228607382550334 0.006973293768545994 0.0065016778523489934
86 0.045103857566765576 0.2080536912751678 0.011869436201780416 0.006711409395973154
86 0.245919881305638 0.8056837248322147 0.008160237388724036 0.009018456375838927
333 0.7024480712166172 0.8444840604026845 0.009940652818991098 0.011954697986577181
333 0.7025964391691395 0.8757340604026845 0.010237388724035608 0.009437919463087249
333 0.7033382789317507 0.9074035234899329 0.008160237388724036 0.009437919463087249
333 0.7028189910979229 0.9420092281879194 0.011869436201780416 0.009437919463087249
333 0.6384272997032641 0.8496224832214765 0.011572700296735905 0.012164429530201342
333 0.6388724035608309 0.8845427852348994 0.009495548961424332 0.009018456375838927
333 0.626186943620178 0.9044672818791947 0.010534124629080118 0.011115771812080536
333 0.6132047477744808 0.9254404362416108 0.01483679525222552 0.009437919463087249
334 0.7213649851632048 0.8434354026845637 0.012166172106824925 0.01153523489932886
334 0.7224777448071217 0.8753145973154363 0.01172106824925816 0.011954697986577181
334 0.7212908011869437 0.9074035234899329 0.009940652818991098 0.009437919463087249
334 0.7227744807121662 0.938863255033557 0.012908011869436202 0.010696308724832215
334 0.6163204747774481 0.8485738255033557 0.014540059347181009 0.013422818791946308
334 0.6190652818991098 0.8820260067114094 0.013798219584569733 0.00985738255033557
334 0.607566765578635 0.8954488255033557 0.014540059347181009 0.009437919463087249
334 0.593620178041543 0.9166317114093959 0.012166172106824925 0.010696308724832215
333 0.5635014836795252 0.041526845637583895 0.013056379821958458 0.010067114093959731
333 0.5642433234421365 0.07256711409395973 0.009792284866468843 0.008808724832214765
333 0.5646884272997033 0.10329278523489933 0.011275964391691394 0.009018456375838927
333 0.5632047477744807 0.13412332214765102 0.011275964391691394 0.00985738255033557
333 0.6017804154302671 0.05243288590604027 0.011572700296735905 0.00964765100671141
333 0.5885014836795253 0.07298657718120806 0.010237388724035608 0.00964765100671141
333 0.5882047477744807 0.0953229865771812 0.009643916913946587 0.009018456375838927
333 0.5886498516320475 0.11734479865771812 0.01172106824925816 0.009437919463087249
333 0.5893916913946587 0.140625 0.010237388724035608 0.009018456375838927
334 0.542433234421365 0.041107382550335574 0.012759643916913947 0.013842281879194632
334 0.5433976261127597 0.07246224832214765 0.01083086053412463 0.010696308724832215
334 0.543026706231454 0.10266359060402684 0.010979228486646885 0.009437919463087249
334 0.5439910979228486 0.13433305369127516 0.009643916913946587 0.00776006711409396
334 0.6093471810089021 0.07393036912751678 0.011572700296735905 0.010696308724832215
334 0.6201038575667656 0.06113674496644295 0.01172106824925816 0.011115771812080536
334 0.6090504451038575 0.0953229865771812 0.010979228486646885 0.009018456375838927
334 0.6084569732937686 0.11776426174496644 0.009792284866468843 0.008598993288590604
334 0.6103857566765578 0.14188338926174496 0.013056379821958458 0.010696308724832215
325 0.5760385756676558 0.15708892617449666 0.009050445103857567 0.010067114093959731