280 0.07247774480712166 0.22325922818791946 0.0060830860534124625 0.007340604026845637
280 0.07292284866468843 0.24423238255033558 0.008160237388724036 0.007340604026845637
280 0.10734421364985164 0.1917994966442953 0.0072700296735905045 0.006082214765100671
280 0.12084569732937686 0.1789010067114094 0.006973293768545994 0.0050335570469798654
280 0.1975519287833828 0.18571728187919462 0.008456973293768546 0.006921140939597316
280 0.23850148367952523 0.18592701342281878 0.007863501483679525 0.008179530201342282
280 0.2699554896142433 0.15614513422818793 0.007863501483679525 0.009437919463087249
280 0.2954747774480712 0.09679110738255034 0.009347181008902077 0.00776006711409396
280 0.31268545994065283 0.05652265100671141 0.009643916913946587 0.010276845637583893
280 0.28857566765578635 0.04918204697986577 0.006231454005934718 0.00776006711409396
280 0.24072700296735905 0.06700922818791946 0.0057863501483679525 0.0065016778523489934
280 0.13405044510385758 0.30453020134228187 0.0066765578635014835 0.008808724832214765
280 0.5186943620178042 0.05799077181208054 0.010089020771513354 0.009018456375838927
280 0.5188427299703264 0.09993708053691275 0.008605341246290801 0.00985738255033557
280 0.5185459940652819 0.18445889261744966 0.009792284866468843 0.010276845637583893
280 0.5531899109792285 0.2294463087248322 0.0063798219584569734 0.007550335570469799
280 0.5717359050445104 0.22965604026845637 0.006973293768545994 0.008808724832214765
280 0.604673590504451 0.2289219798657718 0.0063798219584569734 0.010276845637583893
280 0.6812314540059348 0.22850251677852348 0.0057863501483679525 0.008598993288590604
280 0.7594213649851632 0.22965604026845637 0.006973293768545994 0.007969798657718121
280 0.8147626112759644 0.22934144295302014 0.0063798219584569734 0.008598993288590604
280 0.8503709198813056 0.2294463087248322 0.0060830860534124625 0.008389261744966443
280 0.8733679525222552 0.22986577181208054 0.007863501483679525 0.008389261744966443
280 0.9123145400593472 0.22965604026845637 0.00741839762611276 0.008808724832214765
275 0.13553412462908013 0.2175964765100671 0.0060830860534124625 0.007340604026845637
285 0.16980712166172107 0.1330746644295302 0.006973293768545994 0.00776006711409396
285 0.09443620178041542 0.30148909395973156 0.006973293768545994 0.0065016778523489934
285 0.21624629080118693 0.0921770134228188 0.008160237388724036 0.00985738255033557
285 0.238946587537092 0.15625 0.0075667655786350145 0.007550335570469799
275 0.26090504451038576 0.09500838926174497 0.005489614243323442 0.006711409395973154
275 0.25749258160237387 0.055264261744966445 0.0060830860534124625 0.00776006711409396
285 0.381379821958457 0.05400587248322147 0.0066765578635014835 0.00776006711409396
285 0.45007418397626114 0.05484479865771812 0.0060830860534124625 0.006082214765100671
285 0.5189169139465876 0.22965604026845637 0.006973293768545994 0.007969798657718121
285 0.45066765578635015 0.23091442953020133 0.007863501483679525 0.008808724832214765
285 0.3833086053412463 0.23049496644295303 0.004599406528189911 0.005453020134228188
275 0.31231454005934717 0.15708892617449666 0.005341246290801187 0.0050335570469798654
311 0.3120178041543027 0.16296140939597314 0.008011869436201781 0.0050335570469798654
311 0.16661721068249258 0.31229026845637586 0.005637982195845697 0.0041946308724832215
311 0.23916913946587537 0.31229026845637586 0.006824925816023739 0.0041946308724832215
311 0.3121661721068249 0.3125 0.005934718100890208 0.00587248322147651
311 0.44962908011869435 0.3782508389261745 0.0060830860534124625 0.004823825503355705
311 0.526706231454006 0.3787751677852349 0.00771513353115727 0.00587248322147651
311 0.6040059347181009 0.37793624161073824 0.009198813056379823 0.005453020134228188
311 0.6806379821958457 0.37898489932885904 0.0063798219584569734 0.005453020134228188
311 0.7574925816023739 0.37856543624161076 0.0063798219584569734 0.00587248322147651
311 0.8352373887240356 0.37919463087248323 0.0060830860534124625 0.00587248322147651
311 0.9136498516320475 0.3807676174496644 0.00771513353115727 0.006082214765100671
311 0.16498516320474776 0.5133179530201343 0.005934718100890208 0.0065016778523489934
311 0.2381305637982196 0.5136325503355704 0.006528189910979229 0.0050335570469798654
311 0.3129821958456973 0.5134228187919463 0.008456973293768546 0.0041946308724832215
311 0.4499258160237389 0.5491820469798657 0.006973293768545994 0.006082214765100671
311 0.5271513353115727 0.5491820469798657 0.005934718100890208 0.004823825503355705
311 0.6041543026706232 0.5486577181208053 0.00741839762611276 0.00587248322147651
311 0.6810830860534125 0.5490771812080537 0.0072700296735905045 0.00587248322147651
311 0.7571958456973293 0.5486577181208053 0.0075667655786350145 0.00587248322147651
311 0.8350148367952522 0.5487625838926175 0.006528189910979229 0.005243288590604027
311 0.9126854599406529 0.5499161073825504 0.007863501483679525 0.006291946308724832
345 0.9125370919881306 0.5844169463087249 0.005489614243323442 0.005243288590604027
275 0.9123145400593472 0.5777055369127517 0.007121661721068249 0.006082214765100671
275 0.9123145400593472 0.542994966442953 0.006528189910979229 0.005453020134228188
275 0.8353857566765579 0.5426803691275168 0.0060830860534124625 0.006921140939597316
275 0.7586053412462908 0.5422609060402684 0.005637982195845697 0.006921140939597316
275 0.6811572700296736 0.542994966442953 0.006824925816023739 0.005453020134228188
275 0.6037833827893175 0.5426803691275168 0.0066765578635014835 0.004823825503355705
275 0.5267804154302671 0.5427852348993288 0.005489614243323442 0.00587248322147651
275 0.4497032640949555 0.5424706375838926 0.005637982195845697 0.005243288590604027
275 0.44962908011869435 0.37185402684563756 0.0060830860534124625 0.006291946308724832
275 0.5257418397626112 0.37206375838926176 0.0057863501483679525 0.007550335570469799
275 0.6041543026706232 0.3726929530201342 0.006528189910979229 0.0050335570469798654
275 0.6811572700296736 0.3729026845637584 0.006824925816023739 0.005453020134228188
275 0.7584569732937686 0.37237835570469796 0.005341246290801187 0.005243288590604027
275 0.8358308605341246 0.3724832214765101 0.0057863501483679525 0.006711409395973154
275 0.9126854599406529 0.3724832214765101 0.0063798219584569734 0.006711409395973154
275 0.2381305637982196 0.30631291946308725 0.006528189910979229 0.005662751677852349
275 0.3121661721068249 0.30631291946308725 0.005341246290801187 0.0065016778523489934
275 0.16572700296735904 0.3058934563758389 0.006824925816023739 0.0065016778523489934
285 0.0948813056379822 0.3953439597315436 0.0060830860534124625 0.006711409395973154
275 0.16632047477744807 0.5069211409395973 0.005044510385756677 0.005453020134228188
275 0.23857566765578636 0.5081795302013423 0.006528189910979229 0.00587248322147651
275 0.3115727002967359 0.5074454697986577 0.006528189910979229 0.0065016778523489934
285 0.38271513353115727 0.3374580536912752 0.0072700296735905045 0.007550335570469799
285 0.3833086053412463 0.4455746644295302 0.0066765578635014835 0.00776006711409396
285 0.38271513353115727 0.5516988255033557 0.0063798219584569734 0.006921140939597316
288 0.09777448071216617 0.5067114093959731 0.008011869436201781 0.00587248322147651
275 0.05007418397626113 0.5053481543624161 0.005489614243323442 0.004404362416107382
314 0.050148367952522255 0.5106963087248322 0.006824925816023739 0.0041946308724832215
275 0.05022255192878338 0.5823196308724832 0.0063798219584569734 0.004823825503355705
275 0.05051928783382789 0.6597105704697986 0.004599406528189911 0.004404362416107382
275 0.05022255192878338 0.6892827181208053 0.0057863501483679525 0.0065016778523489934
275 0.11758160237388723 0.6905411073825504 0.0057863501483679525 0.003984899328859061
280 0.1371661721068249 0.6600251677852349 0.0066765578635014835 0.00587248322147651
314 0.049332344213649855 0.5873531879194631 0.006973293768545994 0.006082214765100671
314 0.050296735905044514 0.6642197986577181 0.007121661721068249 0.00587248322147651
314 0.05066765578635015 0.696518456375839 0.008160237388724036 0.00587248322147651
288 0.0970326409495549 0.5825293624161074 0.007121661721068249 0.006082214765100671
288 0.09851632047477744 0.6583473154362416 0.005044510385756677 0.00587248322147651
280 0.20415430267062315 0.6593959731543624 0.005934718100890208 0.0050335570469798654
280 0.238946587537092 0.6593959731543624 0.0072700296735905045 0.00587248322147651
280 0.2738872403560831 0.6592911073825504 0.006528189910979229 0.006082214765100671
280 0.3422848664688427 0.6597105704697986 0.00830860534124629 0.0065016778523489934
285 0.381973293768546 0.6578229865771812 0.008160237388724036 0.008179530201342282
280 0.38189910979228486 0.694106543624161 0.006824925816023739 0.0065016778523489934
280 0.38271513353115727 0.7509437919463087 0.0063798219584569734 0.004823825503355705
275 0.4505192878338279 0.7130872483221476 0.0057863501483679525 0.0050335570469798654
275 0.5267804154302671 0.7130872483221476 0.0060830860534124625 0.0050335570469798654
275 0.6038575667655787 0.7139261744966443 0.008011869436201781 0.006291946308724832
275 0.6816023738872403 0.7135067114093959 0.006824925816023739 0.007550335570469799
275 0.7578635014836795 0.7127726510067114 0.006528189910979229 0.0065016778523489934
275 0.8359050445103857 0.713611577181208 0.007121661721068249 0.006921140939597316
275 0.9129080118694362 0.7129823825503355 0.00771513353115727 0.0065016778523489934
275 0.912833827893175 0.649748322147651 0.0075667655786350145 0.007969798657718121
345 0.9132789317507418 0.6569840604026845 0.006973293768545994 0.007340604026845637
311 0.912759643916914 0.7193791946308725 0.008011869436201781 0.005453020134228188
311 0.8363501483679525 0.7196937919463087 0.006824925816023739 0.004823825503355705
311 0.7586795252225519 0.7185402684563759 0.008753709198813056 0.0050335570469798654
311 0.6808605341246291 0.7195889261744967 0.00771513353115727 0.006711409395973154
311 0.6045994065281899 0.7190645973154363 0.009495548961424332 0.006082214765100671
311 0.5272997032640949 0.720113255033557 0.010089020771513354 0.006082214765100671
311 0.4502967359050445 0.7185402684563759 0.00771513353115727 0.0050335570469798654
280 0.3836053412462908 0.8558095637583892 0.008160237388724036 0.008179530201342282
285 0.4653560830860534 0.8572776845637584 0.008753709198813056 0.010276845637583893
285 0.5330118694362018 0.8574874161073825 0.009050445103857567 0.0065016778523489934
285 0.6015578635014837 0.8579068791946308 0.0060830860534124625 0.007340604026845637
280 0.6683234421364985 0.8572776845637584 0.008160237388724036 0.008598993288590604
280 0.7123145400593471 0.8574874161073825 0.008011869436201781 0.0065016778523489934
285 0.7809347181008902 0.8566484899328859 0.006973293768545994 0.007340604026845637
323 0.7198071216617211 0.9246015100671141 0.0075667655786350145 0.006921140939597316
122 0.7718842729970327 0.9055159395973155 0.0063798219584569734 0.008179530201342282
122 0.6968842729970326 0.9061451342281879 0.004747774480712166 0.005243288590604027
122 0.6490356083086053 0.9044672818791947 0.005489614243323442 0.006921140939597316
98 0.6557121661721068 0.9046770134228188 0.005489614243323442 0.007340604026845637
98 0.6911721068249258 0.903628355704698 0.005489614243323442 0.00776006711409396
109 0.781973293768546 0.9059354026845637 0.0072700296735905045 0.008179530201342282
285 0.8490356083086054 0.8569630872483222 0.010534124629080118 0.009228187919463088
280 0.9150593471810089 0.8571728187919463 0.009347181008902077 0.006711409395973154
51 0.07329376854599406 0.7779991610738255 0.013056379821958458 0.010696308724832215
325 0.08078635014836795 0.8037961409395973 0.008753709198813056 0.009437919463087249
275 0.1206973293768546 0.7858640939597316 0.0072700296735905045 0.0041946308724832215
314 0.11951038575667655 0.7907927852348994 0.0072700296735905045 0.005662751677852349
314 0.1193620178041543 0.8678691275167785 0.0075667655786350145 0.006291946308724832
275 0.11891691394658754 0.8614723154362416 0.007863501483679525 0.008179530201342282