280 0.08672106824925815 0.08410234899328858 0.0066765578635014835 0.004614093959731544
280 0.1644658753709199 0.08284395973154363 0.008160237388724036 0.007969798657718121
280 0.2443620178041543 0.0834731543624161 0.00830860534124629 0.007550335570469799
280 0.2818991097922849 0.08431208053691275 0.006824925816023739 0.00587248322147651
280 0.30170623145400594 0.08473154362416108 0.0060830860534124625 0.007550335570469799
280 0.32307121661721067 0.08515100671140939 0.006973293768545994 0.006711409395973154
280 0.4011127596439169 0.08525587248322147 0.0060830860534124625 0.006921140939597316
280 0.4223293768545994 0.08588506711409397 0.008160237388724036 0.007340604026845637
288 0.4718842729970326 0.0959521812080537 0.008456973293768546 0.00776006711409396
288 0.5276706231454006 0.10580956375838926 0.0072700296735905045 0.00776006711409396
285 0.583160237388724 0.12132969798657718 0.009940652818991098 0.008179530201342282
285 0.5985905044510386 0.15153104026845637 0.006973293768545994 0.00776006711409396
275 0.0865727002967359 0.22661493288590603 0.0075667655786350145 0.0065016778523489934
275 0.16550445103857567 0.22766359060402686 0.0066765578635014835 0.005243288590604027
275 0.2443620178041543 0.22661493288590603 0.006231454005934718 0.0065016778523489934
275 0.32307121661721067 0.22787332214765102 0.008160237388724036 0.0065016778523489934
275 0.40059347181008903 0.22766359060402686 0.006231454005934718 0.005243288590604027
286 0.4730712166172107 0.13485738255033558 0.007863501483679525 0.007550335570469799
286 0.5049703264094956 0.17523070469798657 0.0066765578635014835 0.005662751677852349
285 0.5462166172106825 0.19138003355704697 0.006973293768545994 0.005243288590604027
285 0.5993323442136499 0.22640520134228187 0.0060830860534124625 0.00776006711409396
324 0.6404302670623145 0.15971057046979867 0.0051928783382789315 0.006921140939597316
275 0.08597922848664688 0.3976510067114094 0.006973293768545994 0.0050335570469798654
275 0.0862759643916914 0.4321518456375839 0.0063798219584569734 0.005662751677852349
275 0.0876112759643917 0.5061870805369127 0.008456973293768546 0.008179530201342282
275 0.0879080118694362 0.5686870805369127 0.0072700296735905045 0.007340604026845637
275 0.16594955489614244 0.5675335570469798 0.008160237388724036 0.006711409395973154
275 0.2435459940652819 0.5669043624161074 0.0066765578635014835 0.005453020134228188
275 0.32247774480712166 0.566484899328859 0.0075667655786350145 0.006291946308724832
275 0.4007418397626113 0.5666946308724832 0.006528189910979229 0.007550335570469799
275 0.40037091988130563 0.3961828859060403 0.0072700296735905045 0.006291946308724832
275 0.3223293768545994 0.3966023489932886 0.0048961424332344215 0.007130872483221477
275 0.2435459940652819 0.39786073825503354 0.0072700296735905045 0.006291946308724832
275 0.1647626112759644 0.39786073825503354 0.0075667655786350145 0.005453020134228188
288 0.47277448071216616 0.20564177852348994 0.007863501483679525 0.008179530201342282
288 0.47158753709198814 0.2868078859060403 0.008456973293768546 0.006082214765100671
288 0.47277448071216616 0.3807676174496644 0.007863501483679525 0.008179530201342282
280 0.5468100890207716 0.24339345637583892 0.006973293768545994 0.0065016778523489934
275 0.5463649851632048 0.2855494966442953 0.0066765578635014835 0.006082214765100671
280 0.503486646884273 0.24318372483221476 0.0063798219584569734 0.006082214765100671
275 0.5742581602373887 0.38013842281879195 0.0072700296735905045 0.006921140939597316
275 0.5742581602373887 0.4757760067114094 0.0066765578635014835 0.007340604026845637
288 0.4723293768545994 0.47619546979865773 0.008753709198813056 0.008179530201342282
275 0.7152077151335312 0.47514681208053694 0.0075667655786350145 0.006921140939597316
285 0.8215875370919882 0.4825922818791946 0.007863501483679525 0.008808724832214765
280 0.8223293768545994 0.4198825503355705 0.008160237388724036 0.006711409395973154
280 0.8208456973293768 0.38674496644295303 0.0063798219584569734 0.007130872483221477
285 0.8217359050445104 0.3428062080536913 0.006973293768545994 0.006921140939597316
286 0.7723293768545995 0.3432256711409396 0.0072700296735905045 0.006082214765100671
288 0.7063056379821958 0.34364513422818793 0.0060830860534124625 0.006921140939597316
324 0.6399851632047477 0.3339974832214765 0.0048961424332344215 0.009018456375838927
286 0.6008902077151336 0.3561241610738255 0.008011869436201781 0.007550335570469799
285 0.5997774480712166 0.30841023489932884 0.0063798219584569734 0.007340604026845637
275 0.7155044510385756 0.3807676174496644 0.006973293768545994 0.007340604026845637
275 0.7137240356083087 0.5680578859060402 0.008753709198813056 0.00776006711409396
275 0.7146142433234421 0.6643246644295302 0.008160237388724036 0.006921140939597316
275 0.5738130563798219 0.5693162751677853 0.0063798219584569734 0.005243288590604027
275 0.5747032640949555 0.6636954697986577 0.006973293768545994 0.009018456375838927
285 0.4734421364985163 0.6687290268456376 0.010385756676557863 0.00985738255033557
288 0.4726261127596439 0.5707843959731543 0.006973293768545994 0.005662751677852349
285 0.4723293768545994 0.7124580536912751 0.006973293768545994 0.006291946308724832
280 0.4304154302670623 0.7135067114093959 0.006528189910979229 0.00587248322147651
285 0.47277448071216616 0.7595427852348994 0.0066765578635014835 0.005662751677852349
285 0.4024480712166172 0.7128775167785235 0.006973293768545994 0.007130872483221477
285 0.3367210682492582 0.7116191275167785 0.009940652818991098 0.007969798657718121
285 0.2672106824925816 0.7116191275167785 0.006528189910979229 0.006291946308724832
285 0.2015578635014837 0.7120385906040269 0.007863501483679525 0.005453020134228188
280 0.13367952522255194 0.7120385906040269 0.008605341246290801 0.007969798657718121
280 0.0884272997032641 0.7111996644295302 0.006231454005934718 0.007130872483221477
288 0.47277448071216616 0.8545511744966443 0.0066765578635014835 0.007340604026845637
286 0.5312314540059347 0.8539219798657718 0.0072700296735905045 0.008598993288590604
286 0.5923590504451038 0.8547609060402684 0.008456973293768546 0.006921140939597316
286 0.6543768545994065 0.8543414429530202 0.006973293768545994 0.006921140939597316
286 0.7044510385756677 0.8530830536912751 0.005934718100890208 0.006921140939597316
286 0.7643175074183977 0.8530830536912751 0.0075667655786350145 0.00776006711409396
286 0.8217359050445104 0.8537122483221476 0.008753709198813056 0.00985738255033557
275 0.7140207715133531 0.7589135906040269 0.0075667655786350145 0.006082214765100671
275 0.5730712166172107 0.7578649328859061 0.009643916913946587 0.0065016778523489934
286 0.8232937685459941 0.7574454697986577 0.006824925816023739 0.007340604026845637
286 0.8226261127596439 0.6632760067114094 0.008753709198813056 0.007340604026845637
286 0.8227002967359051 0.5697357382550335 0.005637982195845697 0.008598993288590604