280 0.25671140939597314 0.22520783847980996 0.009228187919463088 0.009204275534441805
280 0.30631291946308725 0.2259501187648456 0.006082214765100671 0.007719714964370546
280 0.35580956375838924 0.2253562945368171 0.007340604026845637 0.007719714964370546
275 0.256501677852349 0.30121733966745845 0.014261744966442953 0.015142517814726841
275 0.3074664429530201 0.30314726840855105 0.00964765100671141 0.011282660332541567
275 0.35528523489932884 0.30314726840855105 0.008389261744966443 0.008907363420427554
277 0.39848993288590606 0.30314726840855105 0.010906040268456376 0.010095011876484561
277 0.44148489932885904 0.30463182897862234 0.00964765100671141 0.008907363420427554
275 0.4838506711409396 0.3041864608076009 0.00964765100671141 0.008016627078384799
275 0.5269505033557047 0.30344418052256533 0.00985738255033557 0.009501187648456057
275 0.569001677852349 0.3041864608076009 0.009228187919463088 0.008016627078384799
275 0.6113674496644296 0.3055225653206651 0.00964765100671141 0.006532066508313539
277 0.3115562080536913 0.3787114014251782 0.01153523489932886 0.009204275534441805
277 0.35151006711409394 0.35421615201900236 0.008808724832214765 0.006532066508313539
277 0.39324664429530204 0.3727731591448931 0.012164429530201342 0.0086104513064133
275 0.43739513422818793 0.3755938242280285 0.00985738255033557 0.008907363420427554
275 0.479131711409396 0.3720308788598575 0.009437919463087249 0.010095011876484561
275 0.5210780201342282 0.3747030878859858 0.009437919463087249 0.007125890736342043
275 0.5660654362416108 0.3747030878859858 0.008389261744966443 0.010095011876484561
275 0.6086409395973155 0.37410926365795727 0.009228187919463088 0.011282660332541567
275 0.6087458053691275 0.42577197149643703 0.00985738255033557 0.009501187648456057
275 0.5644924496644296 0.42532660332541566 0.008179530201342282 0.008016627078384799
275 0.524643456375839 0.42695961995249404 0.011115771812080536 0.011282660332541567
275 0.4788171140939597 0.4251781472684085 0.008808724832214765 0.007719714964370546
275 0.4384437919463087 0.4260688836104513 0.00776006711409396 0.006532066508313539
275 0.39450503355704697 0.4272565320665083 0.010906040268456376 0.009501187648456057
277 0.3522441275167785 0.42413895486935865 0.011115771812080536 0.0086104513064133
277 0.3115562080536913 0.42532660332541566 0.00985738255033557 0.008016627078384799
277 0.31187080536912754 0.48530285035629456 0.011325503355704697 0.006828978622327791
277 0.35151006711409394 0.48441211401425177 0.012583892617449664 0.008016627078384799
275 0.39471476510067116 0.4850059382422803 0.011325503355704697 0.01157957244655582
275 0.43739513422818793 0.48604513064133015 0.00776006711409396 0.010095011876484561
275 0.48039010067114096 0.4857482185273159 0.00776006711409396 0.0059382422802850355
275 0.5232802013422819 0.48634204275534443 0.008808724832214765 0.008907363420427554
275 0.5644924496644296 0.4861935866983373 0.010276845637583893 0.0086104513064133
275 0.6116820469798657 0.48411520190023755 0.010276845637583893 0.010391923990498812
275 0.31134647651006714 0.5555225653206651 0.009018456375838927 0.00831353919239905
275 0.3079907718120805 0.6062945368171021 0.008598993288590604 0.009501187648456057
275 0.4392827181208054 0.5576009501187649 0.013213087248322148 0.009501187648456057
275 0.4793414429530201 0.556561757719715 0.008598993288590604 0.007422802850356294
275 0.5220218120805369 0.5568586698337292 0.010067114093959731 0.008016627078384799
275 0.5640729865771812 0.5570071258907363 0.009018456375838927 0.009501187648456057
275 0.6004614093959731 0.556561757719715 0.009228187919463088 0.009798099762470308
275 0.6006711409395973 0.5124703087885986 0.00964765100671141 0.008907363420427554
275 0.5653313758389261 0.5124703087885986 0.00776006711409396 0.010095011876484561
275 0.6000419463087249 0.5832838479809976 0.007550335570469799 0.0086104513064133
275 0.5660654362416108 0.5832838479809976 0.007969798657718121 0.0086104513064133
275 0.5225461409395973 0.5826900237529691 0.009018456375838927 0.0086104513064133
275 0.4786073825503356 0.583729216152019 0.008389261744966443 0.00831353919239905
275 0.4382340604026846 0.5841745843230404 0.010276845637583893 0.0086104513064133
275 0.3934563758389262 0.5835807600950119 0.006711409395973154 0.008016627078384799
275 0.35098573825503354 0.5826900237529691 0.00776006711409396 0.007422802850356294
277 0.3522441275167785 0.5570071258907363 0.012374161073825503 0.009501187648456057
277 0.3938758389261745 0.5570071258907363 0.01174496644295302 0.009501187648456057
311 0.3152265100671141 0.31962589073634207 0.007550335570469799 0.01157957244655582
311 0.36398909395973156 0.31754750593824227 0.008179530201342282 0.014548693586698337
311 0.4085570469798658 0.32096199524940616 0.007130872483221477 0.009501187648456057
311 0.4515520134228188 0.3211104513064133 0.009228187919463088 0.01157957244655582
311 0.494756711409396 0.3208135391923991 0.00964765100671141 0.012173396674584324
311 0.5356543624161074 0.31977434679334915 0.00587248322147651 0.011282660332541567
311 0.5778104026845637 0.31962589073634207 0.008389261744966443 0.01157957244655582
311 0.5786493288590604 0.35748218527315917 0.008808724832214765 0.010095011876484561
311 0.49234479865771813 0.35911520190023755 0.007340604026845637 0.010985748218527316
311 0.536388422818792 0.3577790973871734 0.006921140939597316 0.009501187648456057
311 0.4506082214765101 0.36594418052256533 0.00776006711409396 0.01157957244655582
311 0.40645973154362414 0.35703681710213775 0.007130872483221477 0.008016627078384799
311 0.3652474832214765 0.3580760095011877 0.008598993288590604 0.008907363420427554
311 0.3152265100671141 0.3607482185273159 0.00964765100671141 0.010688836104513063
311 0.31113674496644295 0.40276128266033256 0.00776006711409396 0.006828978622327791
311 0.31690436241610737 0.4082541567695962 0.012164429530201342 0.013064133016627079
311 0.3586409395973154 0.4024643705463183 0.00587248322147651 0.0086104513064133
311 0.36430369127516776 0.4085510688836104 0.006711409395973154 0.007719714964370546
311 0.4089765100671141 0.4088479809976247 0.008389261744966443 0.011282660332541567
311 0.45018875838926176 0.41953681710213775 0.00985738255033557 0.010095011876484561
311 0.4924496644295302 0.4088479809976247 0.010067114093959731 0.011876484560570071
311 0.535234899328859 0.4085510688836104 0.009228187919463088 0.012470308788598575
311 0.5786493288590604 0.4100356294536817 0.007550335570469799 0.009501187648456057
311 0.6215394295302014 0.418646080760095 0.00776006711409396 0.012470308788598575
311 0.6203859060402684 0.3635688836104513 0.007130872483221477 0.015142517814726841
311 0.6209102348993288 0.4689726840855107 0.008179530201342282 0.01336104513064133
311 0.5731963087248322 0.4609560570071259 0.009228187919463088 0.01157957244655582
311 0.5786493288590604 0.46882422802850354 0.005453020134228188 0.010095011876484561
311 0.5315645973154363 0.46288598574821854 0.004823825503355705 0.007719714964370546
311 0.535234899328859 0.46763657957244653 0.006711409395973154 0.010095011876484561
311 0.48825503355704697 0.46288598574821854 0.006291946308724832 0.007719714964370546
311 0.4939177852348993 0.4689726840855107 0.0050335570469798654 0.0086104513064133
311 0.4455746644295302 0.46169833729216153 0.0065016778523489934 0.011282660332541567
311 0.4503984899328859 0.46823040380047504 0.007340604026845637 0.010095011876484561
311 0.40226510067114096 0.46229216152019004 0.007130872483221477 0.010095011876484561
311 0.4077181208053691 0.47001187648456055 0.007550335570469799 0.010688836104513063
311 0.359375 0.46318289786223277 0.009018456375838927 0.008907363420427554
311 0.364618288590604 0.46926959619952496 0.008179530201342282 0.009204275534441805
311 0.31512164429530204 0.4685273159144893 0.00985738255033557 0.009501187648456057
311 0.3157508389261745 0.5394893111638955 0.008598993288590604 0.009501187648456057
311 0.36346476510067116 0.5384501187648456 0.010067114093959731 0.01336104513064133
311 0.40541107382550334 0.5397862232779097 0.007130872483221477 0.010095011876484561
311 0.4493498322147651 0.5408254156769596 0.006082214765100671 0.01157957244655582
311 0.49265939597315433 0.5406769596199525 0.006711409395973154 0.010095011876484561
311 0.535234899328859 0.540083135391924 0.006711409395973154 0.013064133016627079
311 0.5633389261744967 0.5348871733966746 0.007550335570469799 0.0086104513064133
311 0.579488255033557 0.5899643705463183 0.009228187919463088 0.011876484560570071
311 0.6126258389261745 0.5895190023752969 0.008389261744966443 0.009204275534441805
311 0.5359689597315436 0.5889251781472684 0.009018456375838927 0.009798099762470308
311 0.4929739932885906 0.5898159144893111 0.007340604026845637 0.0086104513064133
311 0.45018875838926176 0.5890736342042755 0.005662751677852349 0.010688836104513063
311 0.4077181208053691 0.5892220902612827 0.005453020134228188 0.009798099762470308
311 0.3649328859060403 0.5899643705463183 0.007130872483221477 0.008907363420427554
311 0.31543624161073824 0.5901128266033254 0.009228187919463088 0.01157957244655582
275 0.25618708053691275 0.6046615201900237 0.010276845637583893 0.008016627078384799
275 0.24916107382550334 0.5544833729216152 0.01174496644295302 0.01157957244655582
275 0.24150587248322147 0.5065320665083135 0.0065016778523489934 0.007125890736342043
275 0.2623741610738255 0.5078681710213777 0.00964765100671141 0.008016627078384799
275 0.24203020134228187 0.5443883610451307 0.008808724832214765 0.007422802850356294
275 0.1929530201342282 0.5075712589073634 0.00964765100671141 0.008016627078384799
275 0.19316275167785235 0.5467636579572447 0.010067114093959731 0.006828978622327791
275 0.19421140939597314 0.38568883610451304 0.009228187919463088 0.007125890736342043
277 0.24066694630872484 0.42577197149643703 0.010276845637583893 0.009501187648456057
277 0.1919043624161074 0.404542755344418 0.008808724832214765 0.01157957244655582
277 0.24045721476510068 0.3859857482185273 0.014052013422818792 0.010688836104513063
277 0.26122063758389263 0.3766330166270784 0.013213087248322148 0.009204275534441805
277 0.25996224832214765 0.42562351543942994 0.01363255033557047 0.01157957244655582
149 0.3415478187919463 0.30463182897862234 0.010276845637583893 0.008907363420427554
149 0.4637164429530201 0.30374109263657956 0.010067114093959731 0.010095011876484561
149 0.5910234899328859 0.30522565320665085 0.011325503355704697 0.010095011876484561
149 0.2996015100671141 0.35288004750593827 0.006082214765100671 0.010985748218527316
175 0.30075503355704697 0.5766033254156769 0.007550335570469799 0.013657957244655582
311 0.62248322147651 0.3084916864608076 0.006711409395973154 0.010688836104513063
92 0.5816904362416108 0.29438836104513066 0.01153523489932886 0.010391923990498812
311 0.6144085570469798 0.5452790973871734 0.01153523489932886 0.010985748218527316
174 0.6127307046979866 0.5771971496437055 0.008179530201342282 0.011876484560570071