38 0.49737835570469796 0.047060570071258905 0.00985738255033557 0.01811163895486936
39 0.5733011744966443 0.047060570071258905 0.008598993288590604 0.01336104513064133
34 0.5870385906040269 0.050029691211401425 0.007550335570469799 0.012173396674584324
246 0.5619756711409396 0.04735748218527316 0.009018456375838927 0.013954869358669833
324 0.596371644295302 0.05062351543942993 0.009437919463087249 0.010985748218527316
34 0.6180788590604027 0.050920427553444184 0.007969798657718121 0.013954869358669833
246 0.6488045302013423 0.041716152019002375 0.010696308724832215 0.013954869358669833
39 0.6611786912751678 0.04364608076009501 0.011115771812080536 0.011282660332541567
248 0.4969588926174497 0.07363420427553444 0.008179530201342282 0.016033254156769598
38 0.4971686241610738 0.09248812351543943 0.011954697986577181 0.016923990498812352
39 0.49213506711409394 0.13732185273159145 0.00985738255033557 0.01811163895486936
249 0.4940226510067114 0.1702790973871734 0.008179530201342282 0.016330166270783847
39 0.4931837248322148 0.19418052256532067 0.00985738255033557 0.01840855106888361
247 0.5628145973154363 0.15187054631828978 0.00985738255033557 0.01336104513064133
41 0.5758179530201343 0.1530581947743468 0.009437919463087249 0.01336104513064133
34 0.5613464765100671 0.1123812351543943 0.010276845637583893 0.012173396674584324
324 0.5282088926174496 0.050029691211401425 0.00985738255033557 0.009798099762470308
324 0.5453020134228188 0.10852137767220903 0.008808724832214765 0.015142517814726841
323 0.5284186241610739 0.16552850356294538 0.008598993288590604 0.010391923990498812
323 0.5005243288590604 0.11995249406175772 0.006921140939597316 0.011282660332541567
323 0.4982172818791946 0.24094418052256533 0.010696308724832215 0.014548693586698337
40 0.49653942953020136 0.27390142517814725 0.009018456375838927 0.015142517814726841
249 0.49486157718120805 0.30240498812351546 0.00985738255033557 0.013954869358669833
40 0.49507130872483224 0.3279394299287411 0.011115771812080536 0.016330166270783847
323 0.5006291946308725 0.37811757719714967 0.0050335570469798654 0.013954869358669833
40 0.49486157718120805 0.41879453681710216 0.010696308724832215 0.015142517814726841
249 0.49632969798657717 0.44997030878859856 0.010276845637583893 0.014548693586698337
40 0.4957005033557047 0.47283254156769594 0.008179530201342282 0.01811163895486936
323 0.4992659395973154 0.4983669833729216 0.006921140939597316 0.016923990498812352
39 0.49265939597315433 0.5527019002375297 0.010906040268456376 0.015142517814726841
249 0.4933934563758389 0.5844714964370546 0.009437919463087249 0.016923990498812352
39 0.49307885906040266 0.6083729216152018 0.008808724832214765 0.0166270783847981
246 0.5424706375838926 0.5725950118764845 0.010276845637583893 0.013954869358669833
40 0.5555788590604027 0.5731888361045131 0.01174496644295302 0.010391923990498812
323 0.5210780201342282 0.607185273159145 0.008598993288590604 0.010095011876484561
323 0.5001048657718121 0.6667161520190024 0.008598993288590604 0.015736342042755345
323 0.4994756711409396 0.7716745843230404 0.009018456375838927 0.01840855106888361
324 0.5294672818791947 0.7501484560570071 0.008179530201342282 0.012767220902612826
324 0.5288380872483222 0.6652315914489311 0.010276845637583893 0.01157957244655582
324 0.561136744966443 0.6098574821852731 0.00985738255033557 0.00831353919239905
324 0.6127307046979866 0.6065914489311164 0.011115771812080536 0.010095011876484561
324 0.6582424496644296 0.6080760095011877 0.008179530201342282 0.00831353919239905
324 0.6781669463087249 0.6640439429928741 0.00776006711409396 0.012767220902612826
324 0.5844169463087249 0.7917161520190024 0.010276845637583893 0.0086104513064133
324 0.6540478187919463 0.7908254156769596 0.00985738255033557 0.010391923990498812
246 0.4816484899328859 0.7026425178147269 0.010276845637583893 0.01336104513064133
40 0.4946518456375839 0.7026425178147269 0.012793624161073826 0.012173396674584324
30 0.5138422818791947 0.6584026128266033 0.007550335570469799 0.010985748218527316
34 0.5448825503355704 0.6355403800475059 0.00964765100671141 0.01157957244655582
34 0.544253355704698 0.6741389548693587 0.006711409395973154 0.014548693586698337
34 0.5868288590604027 0.6364311163895487 0.008808724832214765 0.012173396674584324
34 0.618498322147651 0.6383610451306413 0.005453020134228188 0.009501187648456057
34 0.6503775167785235 0.6374703087885986 0.008389261744966443 0.010095011876484561
34 0.6771182885906041 0.6377672209026128 0.007340604026845637 0.009501187648456057
244 0.6804739932885906 0.5868467933491687 0.010696308724832215 0.012173396674584324
246 0.5844169463087249 0.5722980997624703 0.010276845637583893 0.01336104513064133
39 0.596371644295302 0.5731888361045131 0.010276845637583893 0.012767220902612826
247 0.6370595637583892 0.5731888361045131 0.011954697986577181 0.01157957244655582
42 0.6519505033557047 0.5740795724465558 0.013213087248322148 0.01336104513064133
38 0.6834102348993288 0.5999109263657957 0.011954697986577181 0.01157957244655582
34 0.675859899328859 0.6762173396674585 0.008179530201342282 0.013954869358669833
34 0.6515310402684564 0.6768111638954869 0.008179530201342282 0.009204275534441805
34 0.588611577181208 0.6744358669833729 0.008179530201342282 0.01157957244655582
34 0.5900796979865772 0.7355997624703088 0.009437919463087249 0.009204275534441805
34 0.5874580536912751 0.767666270783848 0.009228187919463088 0.01157957244655582
246 0.6176593959731543 0.7937945368171021 0.012583892617449664 0.010391923990498812
40 0.631606543624161 0.7943883610451307 0.011115771812080536 0.010391923990498812
34 0.6762793624161074 0.7682600950118765 0.008179530201342282 0.012767220902612826
323 0.6827810402684564 0.7350059382422803 0.00985738255033557 0.013954869358669833
324 0.6779572147651006 0.7553444180522565 0.007340604026845637 0.010688836104513063
34 0.6938968120805369 0.7646971496437055 0.009018456375838927 0.01157957244655582
246 0.5506501677852349 0.7038301662707839 0.010276845637583893 0.01336104513064133
40 0.5628145973154363 0.7038301662707839 0.01153523489932886 0.010985748218527316
246 0.5386954697986577 0.7917161520190024 0.010276845637583893 0.010985748218527316
40 0.5506501677852349 0.7920130641330166 0.011115771812080536 0.012767220902612826
172 0.6014052013422819 0.7154097387173397 0.007340604026845637 0.009798099762470308
171 0.606753355704698 0.7519299287410927 0.006711409395973154 0.013954869358669833
172 0.6116820469798657 0.6610748218527316 0.008179530201342282 0.009204275534441805
246 0.6148280201342282 0.7044239904988123 0.009437919463087249 0.012173396674584324
39 0.6259437919463087 0.7041270783847982 0.010276845637583893 0.01157957244655582
172 0.6513213087248322 0.7157066508313539 0.009437919463087249 0.012767220902612826
172 0.6510067114093959 0.6877969121140143 0.006291946308724832 0.01157957244655582
30 0.5140520134228188 0.7739014251781473 0.007130872483221477 0.013954869358669833
34 0.661388422818792 0.09367577197149644 0.01153523489932886 0.014548693586698337
30 0.6930578859060402 0.09545724465558195 0.009018456375838927 0.010985748218527316
324 0.652369966442953 0.12396080760095012 0.007340604026845637 0.01336104513064133
34 0.6567743288590604 0.14756532066508313 0.00776006711409396 0.011876484560570071
150 0.6762793624161074 0.09486342042755344 0.009018456375838927 0.010985748218527316
30 0.694106543624161 0.11846793349168647 0.006921140939597316 0.010688836104513063
30 0.6943162751677853 0.14637767220902612 0.009018456375838927 0.009501187648456057
324 0.6818372483221476 0.12084323040380048 0.008808724832214765 0.007125890736342043
324 0.6857172818791947 0.14756532066508313 0.009018456375838927 0.010688836104513063
233 0.7257760067114094 0.12425771971496437 0.010276845637583893 0.012767220902612826
34 0.738359899328859 0.12396080760095012 0.01153523489932886 0.012173396674584324
34 0.6876048657718121 0.20442399049881235 0.008598993288590604 0.010985748218527316
324 0.6902265100671141 0.22327790973871733 0.0050335570469798654 0.010688836104513063
34 0.6955746644295302 0.24302256532066507 0.010696308724832215 0.015142517814726841
40 0.6827810402684564 0.273604513064133 0.012374161073825503 0.016923990498812352
249 0.6842491610738255 0.29661520190023755 0.009437919463087249 0.01840855106888361
40 0.682361577181208 0.345457244655582 0.009018456375838927 0.015142517814726841
324 0.6934773489932886 0.37084323040380046 0.009018456375838927 0.013657957244655582
34 0.709626677852349 0.3680225653206651 0.008179530201342282 0.010985748218527316
40 0.7110947986577181 0.41077790973871736 0.009437919463087249 0.015142517814726841
249 0.7092072147651006 0.44507125890736343 0.00985738255033557 0.016033254156769598
40 0.7106753355704698 0.4719418052256532 0.011115771812080536 0.013954869358669833
34 0.707109899328859 0.5158847980997625 0.01153523489932886 0.009798099762470308
324 0.7225251677852349 0.517666270783848 0.007130872483221477 0.014548693586698337
34 0.7342701342281879 0.5158847980997625 0.009228187919463088 0.01336104513064133
34 0.748636744966443 0.5167755344418052 0.009018456375838927 0.012767220902612826
34 0.707109899328859 0.5495843230403801 0.010696308724832215 0.011282660332541567
34 0.7305998322147651 0.5829869358669834 0.007340604026845637 0.01157957244655582
34 0.7443372483221476 0.5669536817102138 0.008808724832214765 0.012173396674584324
34 0.7447567114093959 0.604958432304038 0.005453020134228188 0.012173396674584324
34 0.7597525167785235 0.6275237529691211 0.01153523489932886 0.015736342042755345
34 0.7075293624161074 0.6322743467933492 0.009018456375838927 0.010985748218527316
324 0.6921140939597316 0.6456353919239906 0.007130872483221477 0.012173396674584324
244 0.7106753355704698 0.6077790973871734 0.010276845637583893 0.011282660332541567
38 0.7132969798657718 0.6201009501187649 0.012164429530201342 0.010985748218527316
324 0.6929530201342282 0.5354809976247031 0.008808724832214765 0.013954869358669833
324 0.7593330536912751 0.6067399049881235 0.009018456375838927 0.014548693586698337
34 0.759123322147651 0.6711698337292161 0.009437919463087249 0.012173396674584324
34 0.7282927852348994 0.692250593824228 0.009437919463087249 0.010985748218527316
34 0.7593330536912751 0.7065023752969121 0.009018456375838927 0.010391923990498812
34 0.731753355704698 0.7210510688836105 0.00587248322147651 0.01157957244655582
324 0.7406669463087249 0.6925475059382423 0.006082214765100671 0.009204275534441805
246 0.6771182885906041 0.7065023752969121 0.01153523489932886 0.010391923990498812
39 0.688863255033557 0.7059085510688836 0.010276845637583893 0.010391923990498812
244 0.7110947986577181 0.7094714964370546 0.010276845637583893 0.012767220902612826
38 0.7138213087248322 0.7216448931116389 0.011954697986577181 0.010391923990498812
324 0.73185822147651 0.7425771971496437 0.008179530201342282 0.009501187648456057
324 0.730390100671141 0.7574228028503563 0.006921140939597316 0.010095011876484561
34 0.7324874161073825 0.7734560570071259 0.010276845637583893 0.009501187648456057
324 0.7324874161073825 0.7920130641330166 0.010276845637583893 0.012767220902612826
34 0.7599622483221476 0.7474762470308789 0.011115771812080536 0.014548693586698337
324 0.7601719798657718 0.7632125890736342 0.008179530201342282 0.010985748218527316
34 0.7605914429530202 0.7765736342042755 0.009018456375838927 0.009798099762470308
34 0.7431837248322147 0.8282363420427553 0.010276845637583893 0.013954869358669833
244 0.7089974832214765 0.8035926365795725 0.012793624161073826 0.012767220902612826
38 0.7114093959731543 0.8173990498812351 0.014261744966442953 0.011282660332541567
38 0.4493498322147651 0.8317992874109263 0.010696308724832215 0.014548693586698337
325 0.48395553691275167 0.8528800475059383 0.011954697986577181 0.015736342042755345
38 0.5177223154362416 0.8430819477434679 0.011115771812080536 0.015736342042755345
30 0.555998322147651 0.8279394299287411 0.007969798657718121 0.010985748218527316
30 0.5995176174496645 0.8285332541567696 0.008598993288590604 0.010985748218527316
30 0.600356543624161 0.8531769596199525 0.009437919463087249 0.01157957244655582
30 0.5981543624161074 0.8852434679334917 0.006711409395973154 0.01157957244655582
30 0.5527474832214765 0.8846496437054632 0.006921140939597316 0.010391923990498812
30 0.5525377516778524 0.8540676959619953 0.0065016778523489934 0.010985748218527316
30 0.6324454697986577 0.8849465558194775 0.008598993288590604 0.010985748218527316
38 0.6792156040268457 0.8626781472684085 0.00985738255033557 0.01336104513064133
38 0.6919043624161074 0.8617874109263658 0.011325503355704697 0.013954869358669833
38 0.6798447986577181 0.8989014251781473 0.009437919463087249 0.01336104513064133
38 0.694106543624161 0.9006828978622328 0.011115771812080536 0.014548693586698337
34 0.6680998322147651 0.9355700712589073 0.009018456375838927 0.011282660332541567
6 0.639261744966443 0.9349762470308789 0.009228187919463088 0.011282660332541567
6 0.608011744966443 0.9355700712589073 0.009228187919463088 0.011282660332541567
244 0.5707843959731543 0.9361638954869359 0.010276845637583893 0.008907363420427554
38 0.5745595637583892 0.9480403800475059 0.012793624161073826 0.009501187648456057
34 0.5842072147651006 0.9149346793349169 0.00985738255033557 0.009204275534441805
34 0.5389052013422819 0.9116686460807601 0.009018456375838927 0.012173396674584324
38 0.51814177852349 0.9052850356294537 0.011115771812080536 0.015439429928741092
38 0.5168833892617449 0.9419536817102138 0.011954697986577181 0.016923990498812352
38 0.4732592281879195 0.9078087885985748 0.00776006711409396 0.016330166270783847
38 0.44914010067114096 0.9303741092636579 0.009437919463087249 0.019299287410926364
325 0.44872063758389263 0.8858372921615202 0.009437919463087249 0.013954869358669833
325 0.48479446308724833 0.9055819477434679 0.009437919463087249 0.009501187648456057
323 0.48479446308724833 0.9180522565320665 0.008598993288590604 0.010095011876484561
325 0.48521392617449666 0.9597684085510689 0.015310402684563759 0.013954869358669833
323 0.5630243288590604 0.8407066508313539 0.00776006711409396 0.010985748218527316
323 0.5632340604026845 0.8558491686460807 0.007340604026845637 0.010985748218527316
323 0.5397441275167785 0.8496140142517815 0.0065016778523489934 0.01157957244655582
323 0.5407927852348994 0.8796021377672208 0.006082214765100671 0.012173396674584324
323 0.5771812080536913 0.8861342042755345 0.007550335570469799 0.012173396674584324
323 0.5850461409395973 0.878414489311164 0.008179530201342282 0.01336104513064133
324 0.5303062080536913 0.934085510688836 0.008179530201342282 0.010688836104513063
34 0.7154991610738255 0.9483372921615202 0.009437919463087249 0.011282660332541567
324 0.7141359060402684 0.9152315914489311 0.00587248322147651 0.009798099762470308
324 0.7309144295302014 0.9452197149643705 0.006711409395973154 0.009204275534441805
324 0.73185822147651 0.900979809976247 0.008179530201342282 0.009204275534441805
34 0.7475880872483222 0.9477434679334917 0.008598993288590604 0.010095011876484561
324 0.7558724832214765 0.9182007125890737 0.006291946308724832 0.01336104513064133
324 0.766988255033557 0.9000890736342043 0.006291946308724832 0.0086104513064133
38 0.7599622483221476 0.9033551068883611 0.00776006711409396 0.013954869358669833
34 0.7745385906040269 0.9038004750593824 0.006711409395973154 0.009501187648456057
34 0.7893246644295302 0.9006828978622328 0.009018456375838927 0.012173396674584324
324 0.7912122483221476 0.9143408551068883 0.010276845637583893 0.01157957244655582
34 0.7853397651006712 0.9265142517814727 0.009018456375838927 0.010391923990498812
34 0.8218330536912751 0.9303741092636579 0.01153523489932886 0.01336104513064133
324 0.774748322147651 0.9250296912114014 0.007130872483221477 0.007422802850356294
323 0.8084102348993288 0.9179038004750594 0.008598993288590604 0.013954869358669833
247 0.6402055369127517 0.17413895486935868 0.010276845637583893 0.014548693586698337
42 0.6529991610738255 0.1750296912114014 0.010276845637583893 0.015142517814726841
325 0.5191904362416108 0.8790083135391924 0.00985738255033557 0.014548693586698337