275 0.13884228187919462 0.16701306413301661 0.00964765100671141 0.01157957244655582
275 0.2419253355704698 0.18913301662707838 0.006921140939597316 0.011876484560570071
275 0.25891359060402686 0.1915083135391924 0.008598993288590604 0.012470308788598575
275 0.10213926174496644 0.19507125890736343 0.006291946308724832 0.010688836104513063
280 0.11996644295302013 0.12915676959619954 0.00964765100671141 0.010688836104513063
95 0.10769714765100671 0.1846793349168646 0.008179530201342282 0.008907363420427554
95 0.1071728187919463 0.23515439429928742 0.006711409395973154 0.013657957244655582
95 0.12468540268456375 0.33758907363420426 0.006921140939597316 0.015439429928741092
95 0.10486577181208054 0.3980106888361045 0.007550335570469799 0.01336104513064133
95 0.18980704697986578 0.4437351543942993 0.00964765100671141 0.009204275534441805
95 0.2548238255033557 0.43156175771971494 0.006711409395973154 0.01336104513064133
96 0.30903942953020136 0.42562351543942994 0.009018456375838927 0.007422802850356294
94 0.49653942953020136 0.4478919239904988 0.012793624161073826 0.006828978622327791
94 0.6070679530201343 0.3580760095011877 0.006921140939597316 0.016033254156769598
94 0.6014052013422819 0.24955463182897863 0.010276845637583893 0.009798099762470308
94 0.5839974832214765 0.2586104513064133 0.005243288590604027 0.008907363420427554
94 0.4976929530201342 0.23990498812351543 0.007550335570469799 0.009501187648456057
94 0.39303691275167785 0.2592042755344418 0.00587248322147651 0.012470308788598575
172 0.14733640939597314 0.22788004750593824 0.00776006711409396 0.0086104513064133
172 0.22221057046979867 0.22847387173396674 0.008179530201342282 0.009798099762470308
172 0.1524748322147651 0.2563836104513064 0.005453020134228188 0.0086104513064133
172 0.17753775167785235 0.2562351543942993 0.006921140939597316 0.011282660332541567
172 0.2105704697986577 0.25415676959619954 0.006711409395973154 0.013064133016627079
172 0.24486157718120805 0.2556413301662708 0.004823825503355705 0.010688836104513063
172 0.2902684563758389 0.25950118764845603 0.00587248322147651 0.010095011876484561
172 0.3344169463087248 0.25786817102137766 0.0065016778523489934 0.01157957244655582
95 0.3766778523489933 0.25504750593824227 0.006291946308724832 0.013657957244655582
172 0.34668624161073824 0.29052850356294535 0.007130872483221477 0.006235154394299287
172 0.2214765100671141 0.2896377672209026 0.007969798657718121 0.008016627078384799
172 0.14660234899328858 0.2934976247030879 0.007550335570469799 0.007422802850356294
95 0.15918624161073824 0.29097387173396677 0.010906040268456376 0.007125890736342043
172 0.1768036912751678 0.32927553444180524 0.0041946308724832215 0.010688836104513063
172 0.14670721476510068 0.3595605700712589 0.007340604026845637 0.007125890736342043
95 0.13349412751677853 0.3922209026128266 0.008179530201342282 0.005344418052256532
172 0.153628355704698 0.393853919239905 0.006082214765100671 0.01157957244655582
172 0.2113045302013423 0.3940023752969121 0.006921140939597316 0.009501187648456057
172 0.24475671140939598 0.39207244655581946 0.00587248322147651 0.009204275534441805
172 0.2907927852348993 0.38568883610451304 0.00776006711409396 0.012470308788598575
172 0.33735318791946306 0.38672802850356297 0.009437919463087249 0.012173396674584324
172 0.34563758389261745 0.35852137767220904 0.009228187919463088 0.009204275534441805
172 0.22179110738255034 0.36193586698337293 0.007340604026845637 0.005344418052256532
275 0.25838926174496646 0.34367577197149646 0.007130872483221477 0.012767220902612826
275 0.25828439597315433 0.31339073634204273 0.007340604026845637 0.009798099762470308
275 0.3270763422818792 0.313687648456057 0.006921140939597316 0.009798099762470308
275 0.2597525167785235 0.22550475059382422 0.00776006711409396 0.010985748218527316
172 0.34731543624161076 0.22758313539192399 0.007130872483221477 0.01157957244655582
171 0.4235528523489933 0.29201306413301664 0.006082214765100671 0.0086104513064133
171 0.4315226510067114 0.3353622327790974 0.007340604026845637 0.010391923990498812
171 0.4236577181208054 0.3600059382422803 0.007969798657718121 0.0086104513064133
171 0.4828020134228188 0.34085510688836107 0.008808724832214765 0.013064133016627079
171 0.537751677852349 0.34441805225653205 0.0050335570469798654 0.012470308788598575
171 0.5592491610738255 0.29260688836104515 0.008179530201342282 0.009204275534441805
171 0.5594588926174496 0.35881828978622327 0.00776006711409396 0.01157957244655582
233 0.58064177852349 0.3389251781472684 0.006921140939597316 0.0086104513064133
171 0.5177223154362416 0.3968230403800475 0.006921140939597316 0.009798099762470308
233 0.4520763422818792 0.4048396674584323 0.008179530201342282 0.0086104513064133
233 0.4193582214765101 0.3990498812351544 0.008598993288590604 0.010095011876484561
171 0.4046770134228188 0.40959026128266035 0.007340604026845637 0.0086104513064133
171 0.42627936241610737 0.4245843230403801 0.004823825503355705 0.007719714964370546
94 0.39303691275167785 0.38628266033254155 0.007130872483221477 0.011282660332541567
95 0.3765729865771812 0.354958432304038 0.006082214765100671 0.015142517814726841