94 0.4945469798657718 0.07615795724465559 0.014681208053691275 0.016923990498812352
94 0.4107592281879195 0.09189429928741093 0.009437919463087249 0.016923990498812352
94 0.35822147651006714 0.09605106888361045 0.015100671140939598 0.014548693586698337
149 0.2386744966442953 0.11356888361045131 0.018875838926174497 0.01811163895486936
149 0.20669043624161074 0.19462589073634204 0.01153523489932886 0.016330166270783847
149 0.2807256711409396 0.19299287410926366 0.00985738255033557 0.02315914489311164
94 0.298133389261745 0.21303444180522565 0.011115771812080536 0.016923990498812352
94 0.3218330536912752 0.31146080760095013 0.014052013422818792 0.012470308788598575
171 0.45333473154362414 0.31175771971496435 0.00985738255033557 0.010688836104513063
94 0.56501677852349 0.21897268408551068 0.007969798657718121 0.014548693586698337
94 0.5600880872483222 0.10733372921615202 0.010276845637583893 0.021080760095011877
275 0.41621224832214765 0.1490498812351544 0.012793624161073826 0.010095011876484561
171 0.4940226510067114 0.09664489311163896 0.01153523489932886 0.010985748218527316
275 0.25891359060402686 0.09248812351543943 0.010696308724832215 0.012173396674584324
171 0.37992869127516776 0.31175771971496435 0.01363255033557047 0.011876484560570071
171 0.5003145973154363 0.3864311163895487 0.013213087248322148 0.014548693586698337
171 0.5173028523489933 0.44076603325415675 0.010276845637583893 0.016923990498812352
171 0.5018875838926175 0.4565023752969121 0.014681208053691275 0.01336104513064133
171 0.46612835570469796 0.44165676959619954 0.009437919463087249 0.013954869358669833
171 0.44536493288590606 0.36653800475059384 0.009437919463087249 0.013954869358669833
171 0.42208473154362414 0.36683491686460806 0.0065016778523489934 0.012173396674584324
171 0.391883389261745 0.36683491686460806 0.010276845637583893 0.01336104513064133
171 0.4130662751677852 0.3411520190023753 0.010696308724832215 0.013657957244655582
171 0.38800335570469796 0.3888064133016627 0.011325503355704697 0.012173396674584324
171 0.4128565436241611 0.43542161520190026 0.006082214765100671 0.016923990498812352
171 0.3875838926174497 0.4547209026128266 0.011325503355704697 0.010985748218527316
171 0.3690226510067114 0.4392814726840855 0.007340604026845637 0.015142517814726841
171 0.4470427852348993 0.5366686460807601 0.014471476510067114 0.014548693586698337
171 0.44851090604026844 0.6247030878859857 0.013213087248322148 0.011282660332541567
94 0.359375 0.5559679334916865 0.011115771812080536 0.009798099762470308
94 0.3692323825503356 0.5904097387173397 0.010276845637583893 0.019299287410926364
94 0.36252097315436244 0.6254453681710214 0.015729865771812082 0.012767220902612826
94 0.34354026845637586 0.6554334916864608 0.01552013422818792 0.01811163895486936
94 0.5177223154362416 0.5892220902612827 0.009437919463087249 0.015736342042755345
94 0.5317743288590604 0.5568586698337292 0.012793624161073826 0.01157957244655582
149 0.2993917785234899 0.5187054631828979 0.011954697986577181 0.011282660332541567
149 0.26164010067114096 0.43482779097387175 0.010276845637583893 0.020486935866983372
149 0.2375209731543624 0.33061163895486934 0.014052013422818792 0.01336104513064133
275 0.25765520134228187 0.33565914489311166 0.012374161073825503 0.01157957244655582
149 0.29981124161073824 0.3347684085510689 0.016988255033557047 0.0086104513064133
275 0.3371434563758389 0.33506532066508316 0.01363255033557047 0.01157957244655582
149 0.3409186241610738 0.43601543942992876 0.010276845637583893 0.015736342042755345
275 0.3392407718120805 0.503562945368171 0.01363255033557047 0.011282660332541567
94 0.3576971476510067 0.43898456057007124 0.009437919463087249 0.016923990498812352
275 0.46382130872483224 0.4125593824228028 0.011115771812080536 0.013954869358669833
94 0.5579907718120806 0.43364014251781474 0.00776006711409396 0.014548693586698337
94 0.5605075503355704 0.3303147268408551 0.010276845637583893 0.010391923990498812
94 0.559878355704698 0.12871140142517815 0.01153523489932886 0.010985748218527316
94 0.5319840604026845 0.6247030878859857 0.01153523489932886 0.011282660332541567
275 0.6114723154362416 0.6340558194774347 0.011115771812080536 0.01336104513064133
275 0.6112625838926175 0.5532957244655582 0.010696308724832215 0.012767220902612826
275 0.3964974832214765 0.6453384798099763 0.011115771812080536 0.01157957244655582
275 0.1825713087248322 0.628414489311164 0.014471476510067114 0.013954869358669833
275 0.10790687919463088 0.6514251781472684 0.014890939597315436 0.011282660332541567
275 0.3392407718120805 0.4190914489311164 0.011954697986577181 0.012173396674584324