274 0.6802642617449665 0.18512470308788598 0.011115771812080536 0.010985748218527316
273 0.5833682885906041 0.17384204275534443 0.01153523489932886 0.01157957244655582
274 0.4957005033557047 0.18542161520190023 0.012374161073825503 0.010391923990498812
273 0.43015939597315433 0.1754750593824228 0.012583892617449664 0.009501187648456057
270 0.3419672818791946 0.18512470308788598 0.00985738255033557 0.010985748218527316
274 0.5122692953020134 0.30774940617577196 0.01153523489932886 0.01157957244655582
274 0.6727139261744967 0.46867577197149646 0.011954697986577181 0.01336104513064133
274 0.5971057046979866 0.46778503562945367 0.013422818791946308 0.01157957244655582
274 0.4992659395973154 0.4689726840855107 0.014052013422818792 0.009798099762470308
274 0.4087667785234899 0.4683788598574822 0.00964765100671141 0.010391923990498812
274 0.3428062080536913 0.46630047505938244 0.013213087248322148 0.010985748218527316
270 0.24842701342281878 0.4683788598574822 0.012793624161073826 0.009204275534441805
274 0.23794043624161074 0.607185273159145 0.010696308724832215 0.008907363420427554
274 0.33252936241610737 0.6065914489311164 0.012374161073825503 0.008907363420427554
274 0.42953020134228187 0.6068883610451307 0.011325503355704697 0.009501187648456057
274 0.49307885906040266 0.6052553444180523 0.014261744966442953 0.01157957244655582
274 0.5915478187919463 0.6074821852731591 0.009018456375838927 0.009501187648456057
274 0.5617659395973155 0.6016923990498813 0.008598993288590604 0.010391923990498812
273 0.6794253355704698 0.5966448931116389 0.009437919463087249 0.010985748218527316
271 0.5562080536912751 0.30181116389548696 0.01552013422818792 0.01157957244655582
322 0.5435192953020134 0.35020783847980996 0.01153523489932886 0.010391923990498812
272 0.37583892617449666 0.3793052256532066 0.015939597315436243 0.009204275534441805
322 0.4898280201342282 0.3234857482185273 0.009437919463087249 0.015142517814726841
322 0.458368288590604 0.29943586698337293 0.007340604026845637 0.015142517814726841
322 0.4671770134228188 0.27776128266033256 0.011115771812080536 0.0086104513064133