5 0.14314177852348994 0.18482779097387173 0.011954697986577181 0.009204275534441805
5 0.22934144295302014 0.18571852731591448 0.00985738255033557 0.015736342042755345
5 0.3065226510067114 0.18601543942992874 0.012374161073825503 0.016330166270783847
5 0.38443791946308725 0.18438242280285036 0.012164429530201342 0.0166270783847981
5 0.4621434563758389 0.18482779097387173 0.011954697986577181 0.013954869358669833
5 0.5418414429530202 0.19076603325415678 0.00985738255033557 0.017517814726840854
5 0.5979446308724832 0.18839073634204276 0.012583892617449664 0.015142517814726841
5 0.11252097315436242 0.24777315914489312 0.01153523489932886 0.013954869358669833
5 0.1147231543624161 0.34486342042755347 0.015100671140939598 0.015142517814726841
3 0.25723573825503354 0.24747624703087887 0.011115771812080536 0.014548693586698337
3 0.3155411073825503 0.24866389548693588 0.010696308724832215 0.01336104513064133
3 0.395868288590604 0.24866389548693588 0.01153523489932886 0.016923990498812352
3 0.44903523489932884 0.24925771971496438 0.010906040268456376 0.015736342042755345
3 0.5399538590604027 0.2546021377672209 0.011954697986577181 0.015142517814726841
3 0.5397441275167785 0.22491092636579574 0.00985738255033557 0.015142517814726841
3 0.5999370805369127 0.26855700712589076 0.011954697986577181 0.015142517814726841
0 0.545511744966443 0.4146377672209026 0.013842281879194632 0.015736342042755345
1 0.4940226510067114 0.4039489311163896 0.01153523489932886 0.014548693586698337
0 0.43613674496644295 0.41538004750593827 0.014052013422818792 0.016033254156769598
4 0.41138842281879195 0.310124703087886 0.012374161073825503 0.016330166270783847
2 0.3797189597315436 0.3125 0.010696308724832215 0.01336104513064133
2 0.39104446308724833 0.3968230403800475 0.011954697986577181 0.013954869358669833
2 0.3145973154362416 0.31146080760095013 0.012583892617449664 0.012470308788598575
4 0.28125 0.31042161520190026 0.015939597315436243 0.01336104513064133
1 0.2559773489932886 0.3894002375296912 0.014052013422818792 0.014548693586698337
2 0.22346895973154363 0.31235154394299286 0.013213087248322148 0.01840855106888361
1 0.1691484899328859 0.3959323040380047 0.013213087248322148 0.016923990498812352
0 0.17376258389261745 0.45828384798099764 0.015729865771812082 0.014548693586698337
0 0.1750209731543624 0.5265736342042755 0.01153523489932886 0.016330166270783847
0 0.26499580536912754 0.45620546318289784 0.014052013422818792 0.016330166270783847
1 0.28145973154362414 0.5437945368171021 0.01552013422818792 0.016923990498812352
0 0.384123322147651 0.47788004750593827 0.012793624161073826 0.015736342042755345
1 0.38244546979865773 0.5521080760095012 0.01363255033557047 0.012767220902612826
1 0.5434144295302014 0.5408254156769596 0.014681208053691275 0.015736342042755345
0 0.4957005033557047 0.5295427553444181 0.015729865771812082 0.017517814726840854
323 0.49171560402684567 0.3531769596199525 0.009018456375838927 0.010391923990498812
323 0.3409186241610738 0.45145486935866985 0.009437919463087249 0.009204275534441805
323 0.3444840604026846 0.49896080760095013 0.00985738255033557 0.012173396674584324
323 0.49884647651006714 0.30715558194774345 0.01363255033557047 0.010391923990498812