314 0.12311241610738255 0.16389548693586697 0.007969798657718121 0.011282660332541567
314 0.1454488255033557 0.16374703087885986 0.009437919463087249 0.014548693586698337
316 0.17701342281879195 0.16716152019002375 0.007969798657718121 0.010095011876484561
316 0.1869756711409396 0.16909144893111638 0.0065016778523489934 0.0086104513064133
95 0.19484060402684564 0.16404394299287411 0.006711409395973154 0.010391923990498812
316 0.15289429530201343 0.18497624703087887 0.007550335570469799 0.009501187648456057
316 0.1643246644295302 0.18616389548693588 0.007340604026845637 0.00831353919239905
275 0.12867030201342283 0.17859263657957244 0.00985738255033557 0.006828978622327791
275 0.14156879194630873 0.18898456057007126 0.008389261744966443 0.006235154394299287
314 0.11923238255033557 0.18794536817102137 0.006921140939597316 0.007719714964370546
314 0.12458053691275167 0.19818883610451307 0.008389261744966443 0.009798099762470308
314 0.11629614093959731 0.22283254156769597 0.00776006711409396 0.0086104513064133
275 0.12898489932885907 0.21540973871733968 0.009228187919463088 0.010985748218527316
323 0.16180788590604026 0.16849762470308788 0.007340604026845637 0.009204275534441805
95 0.17197986577181207 0.2002672209026128 0.011325503355704697 0.009204275534441805
275 0.11723993288590603 0.26915083135391926 0.007969798657718121 0.0056413301662707836
323 0.1337038590604027 0.27152612826603323 0.006921140939597316 0.007422802850356294
314 0.1244756711409396 0.2672209026128266 0.007340604026845637 0.010688836104513063
316 0.12699244966442952 0.2890439429928741 0.005243288590604027 0.008016627078384799
316 0.13412332214765102 0.28874703087885983 0.005243288590604027 0.009204275534441805
316 0.1389471476510067 0.2884501187648456 0.0065016778523489934 0.009204275534441805
95 0.13915687919463088 0.30478028503562943 0.005243288590604027 0.010391923990498812
323 0.13380872483221476 0.37410926365795727 0.008808724832214765 0.007719714964370546
316 0.12646812080536912 0.3899940617577197 0.006291946308724832 0.007422802850356294
316 0.13338926174496643 0.3919239904988123 0.006291946308724832 0.007719714964370546
316 0.13873741610738255 0.39177553444180524 0.006921140939597316 0.010391923990498812
95 0.30861996644295303 0.13940023752969122 0.006921140939597316 0.006828978622327791
311 0.3972315436241611 0.13806413301662707 0.007550335570469799 0.008907363420427554
314 0.4720008389261745 0.14949524940617578 0.007340604026845637 0.01157957244655582
314 0.5048238255033557 0.15053444180522565 0.007550335570469799 0.011876484560570071
314 0.5345008389261745 0.15068289786223277 0.007340604026845637 0.009204275534441805
314 0.5788590604026845 0.14949524940617578 0.007550335570469799 0.01157957244655582
275 0.48175335570469796 0.16671615201900236 0.006291946308724832 0.007422802850356294
275 0.5121644295302014 0.167458432304038 0.007969798657718121 0.007125890736342043
275 0.5253775167785235 0.16716152019002375 0.007550335570469799 0.006532066508313539
275 0.5834731543624161 0.15973871733966746 0.009228187919463088 0.007719714964370546
275 0.6254194630872483 0.21926959619952494 0.007130872483221477 0.007422802850356294
275 0.6765939597315436 0.24153800475059384 0.007969798657718121 0.0086104513064133
314 0.6193372483221476 0.20234560570071258 0.006711409395973154 0.009204275534441805
314 0.6819421140939598 0.21926959619952494 0.009018456375838927 0.010985748218527316
311 0.669253355704698 0.22402019002375298 0.008808724832214765 0.009204275534441805
94 0.6426174496644296 0.22565320665083136 0.007550335570469799 0.009501187648456057
311 0.5114303691275168 0.2241686460807601 0.006921140939597316 0.008907363420427554
311 0.519505033557047 0.22402019002375298 0.007550335570469799 0.01157957244655582
311 0.4546979865771812 0.22654394299287411 0.008808724832214765 0.009501187648456057
311 0.4434773489932886 0.23827197149643706 0.008598993288590604 0.0086104513064133
96 0.4818582214765101 0.24168646080760095 0.00776006711409396 0.009501187648456057
96 0.5704697986577181 0.23931116389548693 0.009228187919463088 0.00831353919239905
177 0.1945260067114094 0.1514251781472684 0.006082214765100671 0.006532066508313539
177 0.20522231543624161 0.16879453681710213 0.005662751677852349 0.006828978622327791
177 0.19861577181208054 0.21570665083135393 0.007969798657718121 0.010391923990498812
338 0.18781459731543623 0.2002672209026128 0.008598993288590604 0.009204275534441805
178 0.15027265100671142 0.22669239904988123 0.009018456375838927 0.006828978622327791
177 0.13989093959731544 0.20991686460807601 0.004614093959731544 0.007719714964370546
178 0.1389471476510067 0.2642517814726841 0.007340604026845637 0.006532066508313539
178 0.14964345637583892 0.29676365795724463 0.005243288590604027 0.007422802850356294
178 0.1513213087248322 0.3267517814726841 0.007340604026845637 0.009204275534441805
178 0.15016778523489932 0.34887173396674587 0.007130872483221477 0.00831353919239905
178 0.1507969798657718 0.3635688836104513 0.007130872483221477 0.006828978622327791
95 0.17911073825503357 0.38776722090261284 0.009228187919463088 0.006532066508313539
94 0.15404781879194632 0.40216745843230406 0.006921140939597316 0.0086104513064133
94 0.19976929530201343 0.40008907363420426 0.006921140939597316 0.010391923990498812
95 0.23406040268456377 0.40172209026128264 0.0041946308724832215 0.009501187648456057
94 0.1832005033557047 0.42903800475059384 0.008179530201342282 0.007125890736342043
311 0.17344798657718122 0.4305225653206651 0.00587248322147651 0.008907363420427554
94 0.16275167785234898 0.42621733966745845 0.005453020134228188 0.010985748218527316
94 0.14450503355704697 0.43423396674584325 0.00587248322147651 0.007422802850356294
177 0.12206375838926174 0.4664489311163896 0.005453020134228188 0.007125890736342043
171 0.15236996644295303 0.4805522565320665 0.007340604026845637 0.0086104513064133
171 0.19578439597315436 0.479958432304038 0.005662751677852349 0.009204275534441805
171 0.2338506711409396 0.4581353919239905 0.003355704697986577 0.009501187648456057
171 0.2558724832214765 0.44566508313539194 0.007969798657718121 0.007125890736342043
94 0.27778942953020136 0.456353919239905 0.006921140939597316 0.011282660332541567
314 0.32067953020134227 0.4535332541567696 0.006711409395973154 0.01157957244655582
275 0.3091442953020134 0.47164489311163893 0.007969798657718121 0.007422802850356294
311 0.27831375838926176 0.47461401425178146 0.007969798657718121 0.009204275534441805
311 0.31658976510067116 0.41582541567695963 0.0065016778523489934 0.009204275534441805
94 0.3614723154362416 0.4156769596199525 0.011115771812080536 0.009501187648456057
94 0.4881501677852349 0.41582541567695963 0.010276845637583893 0.010391923990498812
338 0.39754614093959734 0.4171615201900237 0.006921140939597316 0.009501187648456057
178 0.44242869127516776 0.16612232779097388 0.0065016778523489934 0.009204275534441805
178 0.44526006711409394 0.1840855106888361 0.007130872483221477 0.011282660332541567
97 0.4559563758389262 0.18883610451306412 0.007550335570469799 0.014845605700712588
178 0.44211409395973156 0.22743467933491687 0.007550335570469799 0.009501187648456057
171 0.3027474832214765 0.19833729216152018 0.011115771812080536 0.013064133016627079
171 0.184878355704698 0.30938242280285033 0.006921140939597316 0.008907363420427554
171 0.2762164429530201 0.3096793349168646 0.006711409395973154 0.010095011876484561
171 0.23311661073825504 0.3081947743467934 0.006921140939597316 0.007719714964370546
171 0.319001677852349 0.30923396674584325 0.00587248322147651 0.008016627078384799
171 0.3016988255033557 0.26855700712589076 0.008598993288590604 0.009798099762470308
171 0.29802852348993286 0.3320961995249406 0.006291946308724832 0.010391923990498812
171 0.35853607382550334 0.30997624703087884 0.0065016778523489934 0.013657957244655582
171 0.40205536912751677 0.31057007125890734 0.0041946308724832215 0.010688836104513063
94 0.4403313758389262 0.30938242280285033 0.006082214765100671 0.012470308788598575
94 0.45501258389261745 0.30997624703087884 0.006082214765100671 0.012470308788598575
171 0.4861577181208054 0.3102731591448931 0.006291946308724832 0.008907363420427554
171 0.5061870805369127 0.3087885985748218 0.004823825503355705 0.010095011876484561
171 0.5437290268456376 0.30997624703087884 0.00776006711409396 0.013064133016627079
171 0.5822147651006712 0.30834323040380046 0.005453020134228188 0.009204275534441805
171 0.6023489932885906 0.3096793349168646 0.005453020134228188 0.010095011876484561
171 0.6200713087248322 0.30982779097387175 0.007340604026845637 0.010391923990498812
171 0.5680578859060402 0.27078384798099764 0.005662751677852349 0.00831353919239905
171 0.6595008389261745 0.30864014251781474 0.005243288590604027 0.010391923990498812
94 0.6845637583892618 0.31294536817102137 0.00587248322147651 0.011282660332541567
94 0.7027055369127517 0.3485748218527316 0.003984899328859061 0.010688836104513063
171 0.6845637583892618 0.35480997624703087 0.0050335570469798654 0.007719714964370546
171 0.6766988255033557 0.3607482185273159 0.007340604026845637 0.007125890736342043
171 0.6773280201342282 0.3214073634204275 0.006921140939597316 0.006828978622327791
171 0.6152474832214765 0.3945961995249406 0.0065016778523489934 0.011876484560570071
94 0.6839345637583892 0.3980106888361045 0.00587248322147651 0.01157957244655582
344 0.6011954697986577 0.36327197149643703 0.0065016778523489934 0.015736342042755345
344 0.598888422818792 0.3996437054631829 0.01153523489932886 0.006532066508313539
344 0.5332424496644296 0.3796021377672209 0.007340604026845637 0.014548693586698337
171 0.5693162751677853 0.33818289786223277 0.009018456375838927 0.007125890736342043
311 0.4540687919463087 0.3858372921615202 0.007550335570469799 0.009798099762470308
311 0.4554320469798658 0.2921615201900237 0.0065016778523489934 0.00831353919239905
178 0.4644505033557047 0.25608669833729214 0.007340604026845637 0.009204275534441805
178 0.4891988255033557 0.25534441805225655 0.006082214765100671 0.008907363420427554
178 0.5044043624161074 0.2551959619952494 0.007130872483221477 0.008016627078384799
19 0.5001048657718121 0.2682600950118765 0.01153523489932886 0.008016627078384799
178 0.5717281879194631 0.2235748218527316 0.007550335570469799 0.009501187648456057
178 0.5966862416107382 0.22431710213776723 0.006291946308724832 0.009204275534441805
94 0.6691484899328859 0.2638064133016627 0.007340604026845637 0.01336104513064133
311 0.6706166107382551 0.290083135391924 0.006082214765100671 0.007125890736342043
311 0.6824664429530202 0.29052850356294535 0.006291946308724832 0.0086104513064133
94 0.6929530201342282 0.29275534441805223 0.007969798657718121 0.008907363420427554
311 0.6060192953020134 0.41582541567695963 0.006921140939597316 0.009204275534441805
311 0.5866191275167785 0.4179038004750594 0.008808724832214765 0.009204275534441805
311 0.5365981543624161 0.41730997624703087 0.006921140939597316 0.009204275534441805
311 0.5430998322147651 0.3607482185273159 0.006921140939597316 0.010688836104513063
311 0.4152684563758389 0.2970605700712589 0.006291946308724832 0.009204275534441805
311 0.4017407718120805 0.29201306413301664 0.008598993288590604 0.010391923990498812
311 0.3972315436241611 0.2385688836104513 0.0050335570469798654 0.010985748218527316
311 0.34312080536912754 0.28874703087885983 0.007550335570469799 0.009204275534441805
311 0.3108221476510067 0.30715558194774345 0.007130872483221477 0.0086104513064133
311 0.24811241610738255 0.29542755344418054 0.00964765100671141 0.009501187648456057
311 0.25786493288590606 0.30834323040380046 0.0065016778523489934 0.009798099762470308
94 0.25639681208053694 0.39979216152019004 0.008179530201342282 0.0056413301662707836
311 0.2756921140939597 0.3996437054631829 0.0065016778523489934 0.010688836104513063
311 0.2670931208053691 0.37143705463182897 0.006921140939597316 0.011876484560570071
311 0.24402265100671142 0.36995249406175773 0.00776006711409396 0.007719714964370546
311 0.24318372483221476 0.3812351543942993 0.009437919463087249 0.010688836104513063
311 0.2462248322147651 0.42592042755344417 0.007969798657718121 0.0086104513064133
15 0.2622692953020134 0.41671615201900236 0.010696308724832215 0.008016627078384799
171 0.17386744966442952 0.44700118764845603 0.007550335570469799 0.006828978622327791
311 0.6021392617449665 0.3307600950118765 0.007130872483221477 0.007125890736342043
324 0.7428691275167785 0.2902315914489311 0.010067114093959731 0.009798099762470308
324 0.7345847315436241 0.3176959619952494 0.0065016778523489934 0.011876484560570071
324 0.7624790268456376 0.3343230403800475 0.00985738255033557 0.008907363420427554
337 0.7796770134228188 0.28800475059382424 0.005662751677852349 0.011876484560570071
337 0.725356543624161 0.31324228028503565 0.005243288590604027 0.011282660332541567
337 0.75 0.33402612826603323 0.007969798657718121 0.00831353919239905
324 0.7506291946308725 0.2583135391923991 0.005453020134228188 0.010688836104513063
337 0.7497902684563759 0.24213182897862232 0.0050335570469798654 0.012767220902612826
324 0.7793624161073825 0.2195665083135392 0.006291946308724832 0.013954869358669833
324 0.761744966442953 0.16909144893111638 0.007969798657718121 0.009204275534441805
337 0.7713926174496645 0.16849762470308788 0.008808724832214765 0.009798099762470308
328 0.7665687919463087 0.19907957244655583 0.005453020134228188 0.008016627078384799
328 0.7606963087248322 0.22951306413301661 0.006291946308724832 0.00831353919239905
328 0.7618498322147651 0.2632125890736342 0.006082214765100671 0.007422802850356294
328 0.7601719798657718 0.29483372921615203 0.006921140939597316 0.00831353919239905
328 0.7605914429530202 0.31324228028503565 0.0065016778523489934 0.011282660332541567
311 0.6140939597315436 0.2856294536817102 0.007969798657718121 0.009501187648456057