233 0.16201761744966442 0.22921615201900236 0.0065016778523489934 0.009501187648456057
233 0.1572986577181208 0.3004750593824228 0.00587248322147651 0.008907363420427554
275 0.17103607382550334 0.29839667458432306 0.006921140939597316 0.010095011876484561
230 0.19169463087248323 0.23945961995249407 0.009228187919463088 0.006828978622327791
230 0.18655620805369127 0.3365498812351544 0.008179530201342282 0.006235154394299287
275 0.17093120805369127 0.23129453681710213 0.006711409395973154 0.007719714964370546
244 0.20134228187919462 0.22684085510688837 0.00587248322147651 0.00831353919239905
167 0.2020763422818792 0.251187648456057 0.005243288590604027 0.014845605700712588
164 0.20155201342281878 0.28251187648456055 0.007130872483221477 0.010985748218527316
165 0.20228607382550334 0.30864014251781474 0.006082214765100671 0.010391923990498812
167 0.2020763422818792 0.35570071258907365 0.006921140939597316 0.016033254156769598
167 0.22000838926174496 0.2121437054631829 0.008808724832214765 0.009798099762470308
166 0.2300755033557047 0.20798693586698339 0.006291946308724832 0.012767220902612826
167 0.26153523489932884 0.18839073634204276 0.010906040268456376 0.006828978622327791
167 0.25817953020134227 0.2139251781472684 0.010486577181208054 0.0086104513064133
167 0.2908976510067114 0.21585510688836104 0.006711409395973154 0.014845605700712588
167 0.29771392617449666 0.24465558194774348 0.007340604026845637 0.013657957244655582
167 0.2575503355704698 0.29483372921615203 0.012164429530201342 0.00831353919239905
167 0.2261954697986577 0.2970605700712589 0.00776006711409396 0.006828978622327791
167 0.2326971476510067 0.28993467933491684 0.005243288590604027 0.009798099762470308
167 0.22651006711409397 0.27019002375296913 0.00964765100671141 0.011876484560570071
167 0.23248741610738255 0.2471793349168646 0.006921140939597316 0.013954869358669833
167 0.2312290268456376 0.32823634204275537 0.0065016778523489934 0.01336104513064133
167 0.28418624161073824 0.34248812351543945 0.007550335570469799 0.015142517814726841
167 0.24223993288590603 0.38257125890736343 0.01174496644295302 0.009204275534441805
167 0.3130243288590604 0.38375890736342044 0.01363255033557047 0.010985748218527316
167 0.2973993288590604 0.3605997624703088 0.00587248322147651 0.01336104513064133
167 0.3420721476510067 0.3233372921615202 0.00587248322147651 0.014845605700712588
167 0.32414010067114096 0.29720902612826605 0.00776006711409396 0.007719714964370546
167 0.3227768456375839 0.2669239904988123 0.010906040268456376 0.010095011876484561
167 0.3490981543624161 0.21407363420427553 0.007340604026845637 0.013657957244655582
167 0.3301174496644295 0.1876484560570071 0.011325503355704697 0.00831353919239905
167 0.33001258389261745 0.22372327790973873 0.009018456375838927 0.007422802850356294
167 0.25671140939597314 0.2694477434679335 0.009228187919463088 0.009204275534441805
169 0.21854026845637584 0.2361935866983373 0.009228187919463088 0.009798099762470308
169 0.2177013422818792 0.26276722090261284 0.008808724832214765 0.010095011876484561
169 0.21854026845637584 0.28978622327790976 0.007969798657718121 0.010095011876484561
169 0.27716023489932884 0.25311757719714967 0.009437919463087249 0.012173396674584324
169 0.2666736577181208 0.31903206650831356 0.010696308724832215 0.010985748218527316
165 0.28135486577181207 0.29320071258907365 0.008179530201342282 0.010985748218527316
164 0.28921979865771813 0.2952790973871734 0.00587248322147651 0.010985748218527316
168 0.2947776845637584 0.29112232779097386 0.007340604026845637 0.015736342042755345
168 0.3065226510067114 0.29438836104513066 0.006082214765100671 0.012767220902612826
169 0.28135486577181207 0.18512470308788598 0.009018456375838927 0.012173396674584324
164 0.2920511744966443 0.26588479809976245 0.00776006711409396 0.012173396674584324
165 0.29226090604026844 0.2007125890736342 0.008179530201342282 0.011282660332541567
169 0.34668624161073824 0.252375296912114 0.00964765100671141 0.011876484560570071
164 0.350251677852349 0.26855700712589076 0.010067114093959731 0.009798099762470308
164 0.29645553691275167 0.3445665083135392 0.00776006711409396 0.01157957244655582
164 0.2936241610738255 0.31517220902612825 0.006711409395973154 0.010391923990498812
167 0.2855494966442953 0.3125 0.009018456375838927 0.009204275534441805
164 0.30903942953020136 0.33506532066508316 0.006082214765100671 0.009204275534441805
83 0.3403942953020134 0.2850356294536817 0.006711409395973154 0.0059382422802850355
83 0.33986996644295303 0.30923396674584325 0.005243288590604027 0.006235154394299287
83 0.3404991610738255 0.36728028503562943 0.005243288590604027 0.008907363420427554
83 0.3649328859060403 0.2305522565320665 0.0041946308724832215 0.006235154394299287
82 0.3669253355704698 0.2626187648456057 0.005662751677852349 0.0086104513064133
82 0.3584312080536913 0.35792755344418054 0.00587248322147651 0.006828978622327791
330 0.2559773489932886 0.35688836104513066 0.0199244966442953 0.008907363420427554
330 0.25796979865771813 0.25192992874109266 0.020134228187919462 0.009798099762470308
330 0.3261325503355705 0.25415676959619954 0.01761744966442953 0.008907363420427554