275 0.2271604938271605 0.21432135728542914 0.010582010582010581 0.014970059880239521
275 0.30502645502645503 0.21631736526946108 0.012522045855379188 0.010978043912175649
275 0.2246031746031746 0.2949101796407186 0.009347442680776015 0.00998003992015968
275 0.3037918871252205 0.2957834331337325 0.01181657848324515 0.008233532934131737
280 0.22504409171075837 0.37375249500998003 0.010229276895943563 0.010978043912175649
323 0.23641975308641974 0.4638223552894212 0.009347442680776015 0.011477045908183632
302 0.3417989417989418 0.374875249500998 0.01164021164021164 0.014221556886227544
79 0.31243386243386245 0.405938123752495 0.01181657848324515 0.008982035928143712
79 0.30158730158730157 0.4305139720558882 0.007407407407407408 0.01721556886227545
79 0.32389770723104055 0.4328842315369261 0.0051146384479717815 0.014970059880239521
79 0.31393298059964725 0.45172155688622756 0.014109347442680775 0.012724550898203593
80 0.31516754850088186 0.4976297405189621 0.016578483245149912 0.012724550898203593
80 0.31296296296296294 0.533183632734531 0.012874779541446208 0.011477045908183632
80 0.29514991181657846 0.5234530938123753 0.007936507936507936 0.015469061876247504
80 0.331657848324515 0.5268213572854291 0.008641975308641974 0.0187125748502994
280 0.3551146384479718 0.4962574850299401 0.010052910052910053 0.010978043912175649
52 0.3531746031746032 0.5116017964071856 0.007936507936507936 0.008233532934131737
80 0.42724867724867727 0.4968812375249501 0.013227513227513227 0.01122754491017964
80 0.42680776014109345 0.5326846307385229 0.010934744268077601 0.010479041916167664
80 0.4461199294532628 0.5284431137724551 0.008641975308641974 0.017964071856287425
80 0.4083774250440917 0.5187125748502994 0.009347442680776015 0.018463073852295408
303 0.4537037037037037 0.4810379241516966 0.014638447971781305 0.012974051896207584
280 0.5080246913580246 0.49463572854291415 0.012522045855379188 0.00873253493013972
52 0.5066137566137566 0.5096057884231537 0.008994708994708995 0.01222554890219561
275 0.24091710758377424 0.595309381237525 0.01834215167548501 0.015968063872255488
275 0.3326278659611993 0.5961826347305389 0.013756613756613757 0.01222554890219561
280 0.39118165784832454 0.5988023952095808 0.014814814814814815 0.010978043912175649
275 0.4607583774250441 0.596307385229541 0.013580246913580247 0.010479041916167664
52 0.23721340388007053 0.6151447105788423 0.010229276895943563 0.008233532934131737
52 0.32839506172839505 0.6160179640718563 0.007054673721340388 0.01347305389221557
52 0.3905643738977072 0.6180139720558883 0.01146384479717813 0.013972055888223553
52 0.4578483245149912 0.6187624750499002 0.006349206349206349 0.010978043912175649
338 0.6063492063492063 0.5409181636726547 0.01164021164021164 0.011477045908183632
339 0.5826278659611993 0.6279940119760479 0.012874779541446208 0.010479041916167664
246 0.6347442680776014 0.5336826347305389 0.010582010582010581 0.011477045908183632
323 0.6255731922398589 0.6096556886227545 0.01164021164021164 0.012724550898203593
54 0.5937389770723104 0.4774201596806387 0.008641975308641974 0.014221556886227544
234 0.19144620811287477 0.7618512974051896 0.015343915343915344 0.01122754491017964
234 0.2228395061728395 0.7609780439121756 0.013580246913580247 0.010479041916167664
234 0.3998236331569665 0.3873502994011976 0.013403880070546737 0.010728542914171657
245 0.43430335097001765 0.2682135728542914 0.013227513227513227 0.010479041916167664
234 0.3898589065255732 0.2059630738522954 0.012874779541446208 0.008233532934131737
234 0.42786596119929454 0.2118263473053892 0.013756613756613757 0.008982035928143712