147 0.08661912751677853 0.17220902612826602 0.01174496644295302 0.014251781472684086
120 0.1174496644295302 0.1347980997624703 0.00964765100671141 0.011282660332541567
131 0.1320260067114094 0.1374703087885986 0.010696308724832215 0.00831353919239905
332 0.14188338926174496 0.10733372921615202 0.0065016778523489934 0.01157957244655582
124 0.15530620805369127 0.13984560570071258 0.007340604026845637 0.009501187648456057
131 0.18823406040268456 0.13791567695961995 0.010696308724832215 0.009204275534441805
146 0.20448825503355705 0.14133016627078385 0.010486577181208054 0.00831353919239905
125 0.22902684563758388 0.13806413301662707 0.006711409395973154 0.008907363420427554
131 0.24779781879194632 0.14133016627078385 0.01153523489932886 0.008907363420427554
146 0.27757969798657717 0.1416270783847981 0.011115771812080536 0.00831353919239905
146 0.13338926174496643 0.15869952494061756 0.009228187919463088 0.006828978622327791
133 0.11860318791946309 0.16582541567695963 0.014052013422818792 0.010391923990498812
134 0.13726929530201343 0.1720605700712589 0.014471476510067114 0.0086104513064133
131 0.07906879194630873 0.19818883610451307 0.008808724832214765 0.010391923990498812
136 0.06365352348993289 0.22446555819477435 0.014052013422818792 0.011876484560570071
139 0.07214765100671142 0.2644002375296912 0.012164429530201342 0.012173396674584324
131 0.0743498322147651 0.23916270783847982 0.006921140939597316 0.012173396674584324
123 0.08986996644295302 0.21511282660332542 0.007340604026845637 0.009204275534441805
147 0.08798238255033557 0.23114608076009502 0.008598993288590604 0.015736342042755345
122 0.09867869127516779 0.24643705463182897 0.0065016778523489934 0.008907363420427554
147 0.09878355704697987 0.2810273159144893 0.007130872483221477 0.018705463182897862
131 0.1040268456375839 0.30344418052256533 0.007969798657718121 0.013657957244655582
275 0.11912751677852348 0.24272565320665082 0.01174496644295302 0.009204275534441805
45 0.12971895973154363 0.22268408551068883 0.009018456375838927 0.012470308788598575
130 0.14240771812080538 0.20739311163895488 0.007130872483221477 0.012767220902612826
114 0.1654781879194631 0.24124109263657958 0.007550335570469799 0.008016627078384799
140 0.1756501677852349 0.2603919239904988 0.014052013422818792 0.010688836104513063
291 0.17575503355704697 0.2709323040380047 0.013003355704697987 0.009798099762470308
323 0.14135906040268456 0.30478028503562943 0.0050335570469798654 0.010391923990498812
331 0.15981543624161074 0.30641330166270786 0.0050335570469798654 0.012470308788598575
115 0.09406459731543625 0.345457244655582 0.008598993288590604 0.0086104513064133
139 0.09416946308724833 0.3669833729216152 0.013842281879194632 0.010095011876484561
146 0.11021392617449664 0.39355700712589076 0.009018456375838927 0.014548693586698337
131 0.11514261744966443 0.40973871733966744 0.006291946308724832 0.014251781472684086
109 0.1169253355704698 0.4597684085510689 0.008179530201342282 0.008016627078384799
136 0.11755453020134228 0.46971496437054633 0.013213087248322148 0.008907363420427554
146 0.1287751677852349 0.47743467933491684 0.007969798657718121 0.013657957244655582
131 0.13286493288590603 0.4919833729216152 0.007340604026845637 0.013064133016627079
98 0.1330746644295302 0.5130641330166271 0.009018456375838927 0.008907363420427554
136 0.13464765100671142 0.5322149643705463 0.015939597315436243 0.012173396674584324
131 0.1638003355704698 0.5296912114014252 0.011325503355704697 0.012470308788598575
14 0.18089345637583892 0.5038598574821853 0.010276845637583893 0.011282660332541567
112 0.1713506711409396 0.4517517814726841 0.007969798657718121 0.009204275534441805
141 0.17523070469798657 0.4415083135391924 0.014890939597315436 0.007719714964370546
294 0.17491610738255034 0.4651128266033254 0.014261744966442953 0.009204275534441805
144 0.1761744966442953 0.33729216152019004 0.014261744966442953 0.011876484560570071
292 0.17648909395973153 0.35881828978622327 0.01363255033557047 0.009798099762470308
113 0.16453439597315436 0.34367577197149646 0.0065016778523489934 0.007422802850356294
119 0.23846476510067113 0.34709026128266035 0.00587248322147651 0.011282660332541567
118 0.24045721476510068 0.4455166270783848 0.007340604026845637 0.010391923990498812
22 0.23888422818791946 0.4220605700712589 0.00964765100671141 0.01157957244655582
138 0.2517827181208054 0.4683788598574822 0.015310402684563759 0.010985748218527316
295 0.2515729865771812 0.48010688836104515 0.013213087248322148 0.009501187648456057
253 0.256501677852349 0.3813836104513064 0.013003355704697987 0.010391923990498812
137 0.25083892617449666 0.33001781472684083 0.01761744966442953 0.009204275534441805
293 0.24958053691275167 0.34026128266033256 0.013422818791946308 0.007719714964370546
251 0.2557676174496644 0.31353919239904987 0.015310402684563759 0.010688836104513063
339 0.2689807046979866 0.29112232779097386 0.0065016778523489934 0.0056413301662707836
248 0.3040058724832215 0.3227434679334917 0.014052013422818792 0.011282660332541567
339 0.28743708053691275 0.35792755344418054 0.005243288590604027 0.006828978622327791
64 0.3091442953020134 0.352583135391924 0.008389261744966443 0.010391923990498812
236 0.3366191275167785 0.3481294536817102 0.01552013422818792 0.009798099762470308
252 0.3490981543624161 0.3147268408551069 0.019085570469798658 0.009501187648456057
249 0.3981753355704698 0.34649643705463185 0.010276845637583893 0.013064133016627079
65 0.3818162751677852 0.35391923990498814 0.008598993288590604 0.011282660332541567
250 0.25922818791946306 0.23960807600950118 0.013422818791946308 0.010688836104513063
21 0.1825713087248322 0.22654394299287411 0.007340604026845637 0.010688836104513063
20 0.2731753355704698 0.1989311163895487 0.00985738255033557 0.010095011876484561
130 0.23280201342281878 0.20457244655581946 0.007550335570469799 0.014251781472684086
134 0.24591023489932887 0.16255938242280285 0.015729865771812082 0.01157957244655582
134 0.2835570469798658 0.16597387173396674 0.012583892617449664 0.010688836104513063
132 0.2897441275167785 0.18898456057007126 0.006921140939597316 0.013954869358669833
132 0.3167994966442953 0.1909144893111639 0.00776006711409396 0.014845605700712588
126 0.3036912751677852 0.1374703087885986 0.009228187919463088 0.010095011876484561
146 0.33127097315436244 0.13806413301662707 0.012793624161073826 0.008907363420427554
131 0.3513003355704698 0.14251781472684086 0.010486577181208054 0.008907363420427554
134 0.36734479865771813 0.1364311163895487 0.01153523489932886 0.009798099762470308
127 0.3787751677852349 0.1377672209026128 0.007550335570469799 0.00831353919239905
131 0.39502936241610737 0.1410332541567696 0.00985738255033557 0.007719714964370546
146 0.4246015100671141 0.1422209026128266 0.01153523489932886 0.007125890736342043
130 0.3669253355704698 0.19373515439429928 0.005662751677852349 0.015142517814726841
69 0.3878984899328859 0.18438242280285036 0.009018456375838927 0.010095011876484561
336 0.39985318791946306 0.18720308788598575 0.010276845637583893 0.013954869358669833
237 0.4130662751677852 0.1823040380047506 0.012374161073825503 0.010095011876484561
238 0.43456375838926176 0.18215558194774348 0.014681208053691275 0.010391923990498812
135 0.28492030201342283 0.20961995249406176 0.01153523489932886 0.00831353919239905
62 0.30201342281879195 0.24094418052256533 0.008808724832214765 0.009798099762470308
248 0.32319630872483224 0.24124109263657958 0.010906040268456376 0.008016627078384799
339 0.35098573825503354 0.29112232779097386 0.007340604026845637 0.006235154394299287
250 0.3927223154362416 0.28280878859857483 0.011954697986577181 0.012173396674584324
63 0.38244546979865773 0.24792161520190023 0.007340604026845637 0.010095011876484561
72 0.4041526845637584 0.20635391923990498 0.007550335570469799 0.010688836104513063
19 0.4123322147651007 0.20947149643705462 0.008389261744966443 0.01157957244655582
246 0.43781459731543626 0.20457244655581946 0.011954697986577181 0.007719714964370546
73 0.442743288590604 0.21748812351543942 0.006711409395973154 0.010985748218527316
336 0.4193582214765101 0.22624703087885986 0.010696308724832215 0.014251781472684086
74 0.5108011744966443 0.21778503562945367 0.006921140939597316 0.010391923990498812
246 0.4941275167785235 0.20323634204275534 0.012583892617449664 0.009798099762470308
239 0.4942323825503356 0.18497624703087887 0.012793624161073826 0.010688836104513063
71 0.5060822147651006 0.18512470308788598 0.008808724832214765 0.010985748218527316
130 0.5162541946308725 0.1873515439429929 0.004823825503355705 0.013064133016627079
130 0.4586828859060403 0.18646080760095013 0.00587248322147651 0.013657957244655582
70 0.4502936241610738 0.18527315914489312 0.007550335570469799 0.011876484560570071
338 0.5400587248322147 0.19477434679334918 0.005453020134228188 0.008907363420427554
163 0.552013422818792 0.19640736342042756 0.005453020134228188 0.012767220902612826
338 0.55998322147651 0.16315320665083136 0.007550335570469799 0.0086104513064133
338 0.555998322147651 0.21585510688836104 0.007969798657718121 0.007719714964370546
338 0.5736157718120806 0.20086104513064132 0.004614093959731544 0.008016627078384799
163 0.5557885906040269 0.23530285035629453 0.010906040268456376 0.0086104513064133
240 0.5888213087248322 0.2013064133016627 0.00776006711409396 0.019596199524940617
99 0.4437919463087248 0.1370249406175772 0.007969798657718121 0.012767220902612826
134 0.45731963087248323 0.13925178147268408 0.012793624161073826 0.009501187648456057
131 0.47189597315436244 0.14118171021377673 0.011325503355704697 0.0086104513064133
146 0.5020973154362416 0.14192399049881235 0.012583892617449664 0.007719714964370546
134 0.5166736577181208 0.13954869358669833 0.013213087248322148 0.011282660332541567
100 0.5296770134228188 0.1376187648456057 0.00776006711409396 0.010985748218527316
146 0.5456166107382551 0.1410332541567696 0.010696308724832215 0.006532066508313539
128 0.5760276845637584 0.14029097387173398 0.00985738255033557 0.010985748218527316
101 0.6070679530201343 0.14088479809976248 0.00985738255033557 0.01157957244655582
146 0.6052852348993288 0.1782957244655582 0.006291946308724832 0.016330166270783847
128 0.6059144295302014 0.20041567695961995 0.007130872483221477 0.013657957244655582
102 0.6083263422818792 0.24376484560570072 0.010276845637583893 0.014845605700712588
51 0.5910234899328859 0.228770783847981 0.004614093959731544 0.010985748218527316
51 0.5892407718120806 0.24628859857482185 0.009018456375838927 0.006235154394299287
66 0.5476090604026845 0.2453978622327791 0.00964765100671141 0.009798099762470308
43 0.5641778523489933 0.2505938242280285 0.010906040268456376 0.010688836104513063
244 0.5393246644295302 0.2703384798099763 0.011954697986577181 0.007422802850356294
161 0.5579907718120806 0.27419833729216153 0.007340604026845637 0.010391923990498812
18 0.5419463087248322 0.2878562945368171 0.009228187919463088 0.010391923990498812
43 0.5766568791946308 0.2835510688836104 0.008598993288590604 0.011282660332541567
129 0.5796979865771812 0.26454869358669836 0.010906040268456376 0.009501187648456057
335 0.5888213087248322 0.27731591448931114 0.01153523489932886 0.010688836104513063
134 0.6108431208053692 0.26469714964370544 0.015310402684563759 0.010391923990498812
146 0.605494966442953 0.28533254156769594 0.007550335570469799 0.0166270783847981
233 0.588611577181208 0.3061163895486936 0.01153523489932886 0.009501187648456057
233 0.5635486577181208 0.3061163895486936 0.013422818791946308 0.010688836104513063
241 0.540373322147651 0.3377375296912114 0.01153523489932886 0.0086104513064133
339 0.5579907718120806 0.34783254156769594 0.007340604026845637 0.007422802850356294
339 0.5367030201342282 0.35421615201900236 0.006711409395973154 0.00831353919239905
24 0.5606124161073825 0.38672802850356297 0.010067114093959731 0.0086104513064133
129 0.5816904362416108 0.3686163895486936 0.00985738255033557 0.008016627078384799
131 0.6044463087248322 0.32497030878859856 0.007130872483221477 0.01336104513064133
131 0.6032927852348994 0.3836104513064133 0.004823825503355705 0.011876484560570071
103 0.6089555369127517 0.34471496437054633 0.008179530201342282 0.010095011876484561
134 0.6098993288590604 0.3653503562945368 0.014681208053691275 0.009798099762470308
146 0.6044463087248322 0.42903800475059384 0.007130872483221477 0.0172209026128266
104 0.6082214765100671 0.4432897862232779 0.010067114093959731 0.010095011876484561
134 0.6101090604026845 0.4661520190023753 0.014681208053691275 0.011282660332541567
128 0.6059144295302014 0.5161817102137767 0.007130872483221477 0.015142517814726841
146 0.6055998322147651 0.5385985748218527 0.006082214765100671 0.014251781472684086
50 0.5891359060402684 0.5008907363420427 0.004614093959731544 0.009501187648456057
50 0.5685822147651006 0.5114311163895487 0.0050335570469798654 0.01157957244655582
50 0.5600880872483222 0.5109857482185273 0.003984899328859061 0.011282660332541567
50 0.5685822147651006 0.4744655581947744 0.008808724832214765 0.0059382422802850355
17 0.5815855704697986 0.5040083135391924 0.006711409395973154 0.012173396674584324
129 0.5805369127516778 0.4426959619952494 0.00964765100671141 0.00831353919239905
233 0.5686870805369127 0.4018705463182898 0.009018456375838927 0.008016627078384799
233 0.5879823825503355 0.4005344418052256 0.011115771812080536 0.010095011876484561
67 0.5438338926174496 0.418646080760095 0.010906040268456376 0.010095011876484561
43 0.5551593959731543 0.417458432304038 0.008808724832214765 0.012470308788598575
335 0.5773909395973155 0.4248812351543943 0.00964765100671141 0.011876484560570071
68 0.5462458053691275 0.44536817102137766 0.008179530201342282 0.010095011876484561
43 0.5627097315436241 0.44907957244655583 0.008808724832214765 0.008016627078384799
242 0.5430998322147651 0.516478622327791 0.012374161073825503 0.010985748218527316
105 0.5933305369127517 0.5717042755344418 0.009228187919463088 0.010391923990498812
146 0.5810612416107382 0.5654691211401425 0.010696308724832215 0.006828978622327791
145 0.5317743288590604 0.5725950118764845 0.014052013422818792 0.010391923990498812
106 0.5174077181208053 0.5761579572446556 0.008389261744966443 0.009798099762470308
146 0.5028313758389261 0.5641330166270784 0.010276845637583893 0.007125890736342043
131 0.4861577181208054 0.5635391923990499 0.010906040268456376 0.007719714964370546
139 0.46434563758389263 0.565914489311164 0.013422818791946308 0.00831353919239905
107 0.4450503355704698 0.5761579572446556 0.008808724832214765 0.010391923990498812
146 0.43078859060402686 0.5642814726840855 0.012164429530201342 0.008016627078384799
131 0.3934563758389262 0.5633907363420427 0.010486577181208054 0.006235154394299287
139 0.3821308724832215 0.5724465558194775 0.013422818791946308 0.010095011876484561
108 0.36765939597315433 0.5757125890736342 0.008389261744966443 0.011282660332541567
131 0.35266359060402686 0.563687648456057 0.00985738255033557 0.006828978622327791
146 0.32697147651006714 0.5642814726840855 0.012164429530201342 0.006828978622327791
110 0.2941484899328859 0.5763064133016627 0.010276845637583893 0.009501187648456057
139 0.28240352348993286 0.5642814726840855 0.012793624161073826 0.009204275534441805
131 0.2625838926174497 0.5715558194774347 0.011325503355704697 0.00831353919239905
139 0.24213506711409397 0.5662114014251781 0.015729865771812082 0.008907363420427554
111 0.21843540268456377 0.5766033254156769 0.009437919463087249 0.010688836104513063
146 0.25314597315436244 0.544833729216152 0.013003355704697987 0.009501187648456057
146 0.20176174496644295 0.5467636579572447 0.01174496644295302 0.008016627078384799
146 0.16526845637583892 0.5494358669833729 0.010067114093959731 0.012173396674584324
121 0.16726090604026847 0.5685866983372921 0.008179530201342282 0.013064133016627079
143 0.1799496644295302 0.5717042755344418 0.012583892617449664 0.008016627078384799
131 0.2014471476510067 0.5639845605700713 0.011115771812080536 0.008016627078384799
15 0.34490352348993286 0.4873812351543943 0.010276845637583893 0.01336104513064133
142 0.3843330536912752 0.48203681710213775 0.014890939597315436 0.0086104513064133
297 0.3848573825503356 0.4910926365795725 0.014681208053691275 0.00831353919239905
336 0.4115981543624161 0.5228622327790974 0.010696308724832215 0.011876484560570071
44 0.43760486577181207 0.5072743467933492 0.008598993288590604 0.01157957244655582
16 0.4594169463087248 0.503414489311164 0.009018456375838927 0.012173396674584324
247 0.4576342281879195 0.4870843230403801 0.008389261744966443 0.009204275534441805
247 0.4851090604026846 0.48693586698337293 0.008808724832214765 0.010688836104513063
44 0.5055578859060402 0.5062351543942993 0.008179530201342282 0.009501187648456057
80 0.43613674496644295 0.46362826603325413 0.008179530201342282 0.006828978622327791
80 0.4904572147651007 0.46347980997624705 0.00985738255033557 0.0059382422802850355
80 0.5045092281879194 0.3996437054631829 0.003984899328859061 0.013064133016627079
80 0.4707424496644295 0.38049287410926363 0.005662751677852349 0.010985748218527316
80 0.4904572147651007 0.3479809976247031 0.010276845637583893 0.00831353919239905
80 0.5134228187919463 0.3038895486935867 0.00587248322147651 0.01157957244655582
80 0.49171560402684567 0.24495249406175773 0.011115771812080536 0.00831353919239905
80 0.4455746644295302 0.24643705463182897 0.009018456375838927 0.006532066508313539
80 0.46958892617449666 0.3022565320665083 0.0050335570469798654 0.011876484560570071
81 0.4455746644295302 0.34219121140142517 0.008179530201342282 0.006828978622327791
81 0.4423238255033557 0.36594418052256533 0.007969798657718121 0.0056413301662707836
81 0.45050335570469796 0.35510688836104515 0.0050335570469798654 0.008907363420427554
81 0.42596476510067116 0.3554038004750594 0.007969798657718121 0.011282660332541567
162 0.44263842281879195 0.30715558194774345 0.00776006711409396 0.005047505938242281
140 0.32351090604026844 0.46006532066508316 0.01363255033557047 0.010985748218527316
296 0.32319630872483224 0.4707541567695962 0.012164429530201342 0.007422802850356294
117 0.30809563758389263 0.4471496437054632 0.007969798657718121 0.010095011876484561
116 0.39031040268456374 0.4412114014251782 0.010067114093959731 0.010688836104513063
336 0.4197776845637584 0.44284441805225655 0.010696308724832215 0.01157957244655582
332 0.3180578859060403 0.10644299287410926 0.0065016778523489934 0.012173396674584324
332 0.3409186241610738 0.10763064133016627 0.005243288590604027 0.009798099762470308
332 0.36231124161073824 0.10911520190023753 0.00776006711409396 0.013954869358669833
332 0.2870176174496644 0.5978325415676959 0.00776006711409396 0.01336104513064133
332 0.26981963087248323 0.5880344418052257 0.00776006711409396 0.009798099762470308
332 0.25 0.5972387173396675 0.004614093959731544 0.012173396674584324
332 0.23133389261744966 0.5966448931116389 0.00587248322147651 0.012173396674584324