177 0.13447971781305115 0.2153193612774451 0.00582010582010582 0.008483033932135729
314 0.12204585537918872 0.22255489021956087 0.007760141093474427 0.008982035928143712
311 0.13324514991181657 0.24613273453093812 0.006172839506172839 0.009730538922155689
311 0.1326278659611993 0.2751996007984032 0.00599647266313933 0.008483033932135729
311 0.1708994708994709 0.2315369261477046 0.007054673721340388 0.00998003992015968
311 0.1805114638447972 0.2282934131736527 0.004761904761904762 0.0074850299401197605
311 0.19911816578483246 0.23178642714570857 0.006349206349206349 0.008982035928143712
178 0.2001763668430335 0.2536177644710579 0.0049382716049382715 0.00873253493013972
178 0.19991181657848325 0.2755738522954092 0.005467372134038801 0.007235528942115769
311 0.23421516754850089 0.22742015968063872 0.0049382716049382715 0.007734530938123752
311 0.2509700176366843 0.21706586826347304 0.005643738977072311 0.007984031936127744
311 0.27372134038800705 0.21669161676646706 0.006349206349206349 0.00873253493013972
314 0.2858024691358025 0.2432634730538922 0.007583774250440917 0.011477045908183632
314 0.3217813051146384 0.24625748502994013 0.006172839506172839 0.008483033932135729
311 0.31746031746031744 0.21070359281437126 0.0049382716049382715 0.00873253493013972
177 0.3263668430335097 0.21132734530938124 0.00582010582010582 0.008483033932135729
177 0.37839506172839504 0.22766966067864272 0.0068783068783068784 0.00873253493013972
311 0.39109347442680775 0.21070359281437126 0.007231040564373898 0.009231536926147704
311 0.422663139329806 0.21432135728542914 0.006525573192239859 0.007984031936127744
314 0.45052910052910056 0.21606786427145708 0.005467372134038801 0.010978043912175649
311 0.45202821869488535 0.24139221556886228 0.006349206349206349 0.009730538922155689
316 0.40008818342151675 0.24525948103792417 0.007936507936507936 0.010479041916167664
311 0.4783950617283951 0.24363772455089822 0.006172839506172839 0.00873253493013972
311 0.514021164021164 0.23016467065868262 0.007231040564373898 0.008233532934131737
177 0.5120811287477954 0.21195109780439123 0.0051146384479717815 0.006736526946107785
311 0.5257495590828924 0.25449101796407186 0.005643738977072311 0.007984031936127744
311 0.5355379188712522 0.21956087824351297 0.006525573192239859 0.007984031936127744
177 0.5708994708994709 0.21818862275449102 0.0049382716049382715 0.007734530938123752
311 0.5917989417989418 0.21669161676646706 0.007583774250440917 0.009231536926147704
314 0.6009700176366843 0.3005239520958084 0.006525573192239859 0.013223552894211578
177 0.6310405643738977 0.21644211576846306 0.007054673721340388 0.010229540918163672
314 0.6687830687830688 0.21669161676646706 0.007407407407407408 0.010728542914171657
177 0.6671075837742504 0.25349301397205587 0.0068783068783068784 0.00998003992015968
311 0.6656966490299824 0.2986526946107784 0.008289241622574956 0.010479041916167664
311 0.6758377425044092 0.3567864271457086 0.006701940035273368 0.010978043912175649
311 0.6521164021164021 0.3527944111776447 0.005467372134038801 0.008982035928143712
311 0.6605820105820106 0.375998003992016 0.0068783068783068784 0.011477045908183632
311 0.6755731922398589 0.3811127744510978 0.0068783068783068784 0.010229540918163672
178 0.6016754850088183 0.3355788423153693 0.006525573192239859 0.006986027944111776
178 0.5623456790123457 0.33495508982035926 0.006525573192239859 0.008233532934131737
314 0.6017636684303351 0.375374251497006 0.005291005291005291 0.009231536926147704
314 0.5265432098765432 0.37425149700598803 0.008289241622574956 0.010978043912175649
314 0.52663139329806 0.2986526946107784 0.007054673721340388 0.011477045908183632
314 0.42001763668430336 0.37425149700598803 0.0068783068783068784 0.00998003992015968
314 0.3998236331569665 0.374126746506986 0.006349206349206349 0.010229540918163672
314 0.32045855379188715 0.30401696606786427 0.006349206349206349 0.011726546906187624
314 0.3225749559082892 0.373627744510978 0.008465608465608466 0.00873253493013972
314 0.21049382716049383 0.3313373253493014 0.0068783068783068784 0.00998003992015968
314 0.21067019400352735 0.37387724550898205 0.007231040564373898 0.009730538922155689
314 0.1720458553791887 0.374875249500998 0.009347442680776015 0.009730538922155689
314 0.2374779541446208 0.38872255489021956 0.0068783068783068784 0.008982035928143712
311 0.13227513227513227 0.33358283433133734 0.005643738977072311 0.009481037924151697
311 0.1492063492063492 0.3343313373253493 0.005643738977072311 0.008982035928143712
311 0.1335978835978836 0.3888473053892216 0.005467372134038801 0.009730538922155689
311 0.12548500881834215 0.36826347305389223 0.006172839506172839 0.008982035928143712
311 0.13932980599647266 0.3651447105788423 0.00599647266313933 0.010229540918163672
316 0.17037037037037037 0.3338323353293413 0.00599647266313933 0.010978043912175649
311 0.13289241622574957 0.41417165668662675 0.007231040564373898 0.008982035928143712
178 0.1702821869488536 0.4160429141716567 0.00582010582010582 0.007734530938123752
177 0.2096119929453263 0.4162924151696607 0.006525573192239859 0.009231536926147704
316 0.2482363315696649 0.33320858283433136 0.007936507936507936 0.011726546906187624
316 0.39197530864197533 0.3013972055888224 0.005467372134038801 0.00998003992015968
316 0.47971781305114636 0.3999500998003992 0.007760141093474427 0.00998003992015968
314 0.5243386243386243 0.41030439121756485 0.009171075837742505 0.010728542914171657
311 0.6657848324514991 0.4471057884231537 0.007054673721340388 0.00998003992015968
311 0.6666666666666666 0.467564870259481 0.00599647266313933 0.008982035928143712
314 0.6760141093474427 0.4967564870259481 0.010582010582010581 0.008483033932135729
178 0.5999118165784832 0.4467315369261477 0.00582010582010582 0.008233532934131737
178 0.599647266313933 0.46731536926147704 0.004585537918871252 0.009481037924151697
311 0.5253086419753087 0.4660678642714571 0.00582010582010582 0.008982035928143712
311 0.5461199294532628 0.5089820359281437 0.006525573192239859 0.007984031936127744
311 0.5657848324514991 0.5022455089820359 0.008818342151675485 0.010978043912175649
311 0.5910934744268077 0.4921407185628742 0.006172839506172839 0.00873253493013972
311 0.622663139329806 0.49239021956087825 0.0068783068783068784 0.00873253493013972
311 0.6313932980599647 0.5022455089820359 0.005291005291005291 0.008483033932135729
311 0.4892416225749559 0.46457085828343314 0.008818342151675485 0.011976047904191617
311 0.4113756613756614 0.4655688622754491 0.010405643738977073 0.00998003992015968
311 0.41375661375661377 0.499001996007984 0.005643738977072311 0.010978043912175649
311 0.3900352733686067 0.499001996007984 0.007936507936507936 0.007984031936127744
311 0.37213403880070545 0.49887724550898205 0.00599647266313933 0.008233532934131737
311 0.34894179894179894 0.5082335329341318 0.007231040564373898 0.006487025948103792
311 0.31216931216931215 0.4784181636726547 0.006701940035273368 0.009231536926147704
311 0.3208994708994709 0.49525948103792417 0.007583774250440917 0.008982035928143712
311 0.2857142857142857 0.49476047904191617 0.006349206349206349 0.009481037924151697
311 0.27372134038800705 0.4660678642714571 0.006701940035273368 0.010978043912175649
311 0.264373897707231 0.5012475049900199 0.006349206349206349 0.008982035928143712
311 0.2083774250440917 0.5049900199600799 0.007231040564373898 0.00998003992015968
311 0.1710758377425044 0.5061127744510978 0.008112874779541446 0.010728542914171657
314 0.13483245149911816 0.5072355289421158 0.007936507936507936 0.009481037924151697
311 0.12680776014109346 0.5459081836327345 0.009171075837742505 0.00998003992015968
311 0.20070546737213404 0.5467814371257484 0.01164021164021164 0.009730538922155689
311 0.2768959435626102 0.5461576846307385 0.007407407407407408 0.010479041916167664
311 0.3135802469135803 0.5462824351297405 0.008112874779541446 0.009231536926147704
311 0.39171075837742503 0.5466566866267465 0.009171075837742505 0.00998003992015968
311 0.4130511463844797 0.5471556886227545 0.007054673721340388 0.008982035928143712
311 0.5166666666666667 0.5475299401197605 0.007583774250440917 0.01122754491017964
311 0.5123456790123457 0.502120758483034 0.009876543209876543 0.010728542914171657
311 0.5928571428571429 0.5462824351297405 0.009700176366843033 0.01122754491017964
311 0.690299823633157 0.5486526946107785 0.007407407407407408 0.011477045908183632
178 0.34911816578483246 0.4967564870259481 0.0051146384479717815 0.0074850299401197605
178 0.36322751322751323 0.4958832335329341 0.004761904761904762 0.007734530938123752
324 0.31225749559082894 0.5243263473053892 0.0068783068783068784 0.00873253493013972
324 0.27557319223985893 0.5220808383233533 0.0068783068783068784 0.012724550898203593
324 0.22980599647266314 0.5230788423153693 0.006349206349206349 0.010728542914171657
323 0.158994708994709 0.5232035928143712 0.005467372134038801 0.010978043912175649
324 0.12328042328042328 0.5209580838323353 0.005643738977072311 0.00998003992015968
177 0.22901234567901235 0.5068612774451098 0.005467372134038801 0.007734530938123752
324 0.39109347442680775 0.5132235528942116 0.00582010582010582 0.008982035928143712
323 0.4035273368606702 0.530314371257485 0.008818342151675485 0.00873253493013972
323 0.5141975308641975 0.5153443113772455 0.0051146384479717815 0.009231536926147704
324 0.6655202821869488 0.5145958083832335 0.005467372134038801 0.011726546906187624
275 0.6967372134038801 0.5261976047904192 0.012874779541446208 0.010978043912175649
275 0.7015873015873015 0.22791916167664672 0.010934744268077601 0.009231536926147704
177 0.7043209876543209 0.2159431137724551 0.006172839506172839 0.00873253493013972
177 0.13192239858906527 0.468812375249501 0.00599647266313933 0.007984031936127744