53 0.11335989932885907 0.057897862232779096 0.007340604026845637 0.009501187648456057
53 0.11661073825503356 0.15691805225653208 0.006711409395973154 0.009204275534441805
53 0.19138003355704697 0.05997624703087886 0.0065016778523489934 0.008907363420427554
53 0.29645553691275167 0.058788598574821854 0.006921140939597316 0.011282660332541567
53 0.3721686241610738 0.05953087885985748 0.009437919463087249 0.015142517814726841
53 0.47766359060402686 0.05938242280285035 0.01153523489932886 0.010095011876484561
53 0.5946937919463087 0.05908551068883611 0.011954697986577181 0.009501187648456057
53 0.5984689597315436 0.15602731591448932 0.009018456375838927 0.01336104513064133
52 0.11755453020134228 0.11119358669833729 0.00776006711409396 0.012173396674584324
52 0.11776426174496644 0.20605700712589073 0.008179530201342282 0.008907363420427554
52 0.1169253355704698 0.25549287410926363 0.009018456375838927 0.010985748218527316
52 0.1762793624161074 0.2563836104513064 0.009018456375838927 0.013954869358669833
52 0.2993917785234899 0.15513657957244656 0.011115771812080536 0.010391923990498812
52 0.1949454697986577 0.15632422802850357 0.009437919463087249 0.012767220902612826
52 0.37762164429530204 0.15721496437054633 0.010696308724832215 0.014548693586698337
52 0.483116610738255 0.15721496437054633 0.011954697986577181 0.014548693586698337
52 0.5582005033557047 0.27419833729216153 0.007340604026845637 0.009798099762470308
52 0.5984689597315436 0.2596496437054632 0.009018456375838927 0.014548693586698337
52 0.565121644295302 0.3208135391923991 0.011115771812080536 0.012173396674584324
52 0.5682676174496645 0.3617874109263658 0.011115771812080536 0.012767220902612826
52 0.5697357382550335 0.4002375296912114 0.009018456375838927 0.016033254156769598
52 0.3319001677852349 0.3199228028503563 0.00776006711409396 0.012767220902612826
52 0.25314597315436244 0.32259501187648454 0.006711409395973154 0.010985748218527316
52 0.1773280201342282 0.37811757719714967 0.009437919463087249 0.01989311163895487
52 0.3302223154362416 0.42413895486935865 0.01363255033557047 0.009204275534441805
52 0.5666946308724832 0.44017220902612825 0.007130872483221477 0.009798099762470308
52 0.5703649328859061 0.48203681710213775 0.009437919463087249 0.01336104513064133
52 0.569106543624161 0.5304334916864608 0.010276845637583893 0.014548693586698337
52 0.5669043624161074 0.5829869358669834 0.008389261744966443 0.012767220902612826
52 0.5697357382550335 0.6229216152019003 0.008179530201342282 0.012470308788598575
52 0.5695260067114094 0.6711698337292161 0.010276845637583893 0.014548693586698337
52 0.5658557046979866 0.7222387173396675 0.00964765100671141 0.012767220902612826
52 0.5516988255033557 0.7201603325415677 0.009018456375838927 0.01336104513064133
52 0.45878775167785235 0.7379750593824228 0.0065016778523489934 0.012767220902612826
52 0.360633389261745 0.7373812351543944 0.009437919463087249 0.012767220902612826
52 0.21591862416107382 0.7198634204275535 0.00776006711409396 0.010391923990498812
52 0.17785234899328858 0.6699821852731591 0.007550335570469799 0.010985748218527316
52 0.1782718120805369 0.6205463182897862 0.00587248322147651 0.008907363420427554
52 0.17785234899328858 0.5195961995249406 0.009228187919463088 0.010688836104513063
52 0.17848154362416108 0.4731294536817102 0.012583892617449664 0.012767220902612826
52 0.21528942953020133 0.7859263657957245 0.009018456375838927 0.010095011876484561
52 0.1869756711409396 0.8647565320665083 0.010696308724832215 0.01157957244655582
52 0.1746015100671141 0.8622327790973872 0.010696308724832215 0.008907363420427554
52 0.25346057046979864 0.8620843230403801 0.007340604026845637 0.01336104513064133
52 0.3339974832214765 0.8638657957244655 0.009437919463087249 0.016923990498812352
52 0.4515520134228188 0.8656472684085511 0.007969798657718121 0.010985748218527316
52 0.5577810402684564 0.8619358669833729 0.00985738255033557 0.01840855106888361
52 0.6055998322147651 0.8616389548693587 0.012374161073825503 0.012470308788598575
52 0.5563129194630873 0.7934976247030879 0.009437919463087249 0.010985748218527316
54 0.13831795302013422 0.057007125890736345 0.008179530201342282 0.010095011876484561
54 0.16935822147651006 0.05596793349168646 0.008598993288590604 0.012173396674584324
54 0.23458473154362416 0.05908551068883611 0.010696308724832215 0.009501187648456057
54 0.282508389261745 0.05760095011876484 0.007130872483221477 0.011282660332541567
54 0.39502936241610737 0.0584916864608076 0.0065016778523489934 0.010688836104513063
54 0.4432676174496644 0.05774940617577197 0.008598993288590604 0.01336104513064133
54 0.5123741610738255 0.0584916864608076 0.013422818791946308 0.0172209026128266
54 0.5594588926174496 0.057897862232779096 0.009018456375838927 0.009501187648456057
52 0.4667575503355705 0.3211104513064133 0.008598993288590604 0.012767220902612826
94 0.3497273489932886 0.05774940617577197 0.012374161073825503 0.01336104513064133
171 0.35014681208053694 0.12396080760095012 0.008179530201342282 0.009798099762470308
171 0.3503565436241611 0.19046912114014253 0.00776006711409396 0.010985748218527316
171 0.37992869127516776 0.25727434679334915 0.011115771812080536 0.01336104513064133
171 0.3777265100671141 0.32318883610451304 0.012164429530201342 0.012173396674584324
171 0.37992869127516776 0.39058788598574823 0.009437919463087249 0.010985748218527316
171 0.37867030201342283 0.4538301662707839 0.010276845637583893 0.013954869358669833
171 0.360633389261745 0.48352137767220904 0.006082214765100671 0.010391923990498812
171 0.3119756711409396 0.48322446555819476 0.008179530201342282 0.012173396674584324
171 0.26300335570469796 0.48441211401425177 0.006711409395973154 0.01336104513064133
171 0.21298238255033558 0.48263064133016625 0.006921140939597316 0.012173396674584324
171 0.4085570469798658 0.48203681710213775 0.009228187919463088 0.01336104513064133
171 0.45773909395973156 0.48292755344418054 0.010276845637583893 0.015142517814726841
171 0.5084941275167785 0.48352137767220904 0.00985738255033557 0.016330166270783847
53 0.4669672818791946 0.4404691211401425 0.00985738255033557 0.009204275534441805
52 0.4665478187919463 0.5812054631828979 0.009018456375838927 0.01157957244655582
171 0.3778313758389262 0.520041567695962 0.011115771812080536 0.013954869358669833
171 0.37762164429530204 0.5877375296912114 0.010696308724832215 0.010391923990498812
341 0.5057676174496645 0.7396080760095012 0.01363255033557047 0.009501187648456057
171 0.37793624161073824 0.6529097387173397 0.008808724832214765 0.009501187648456057
171 0.37867030201342283 0.7198634204275535 0.010276845637583893 0.009204275534441805
53 0.25388003355704697 0.7219418052256532 0.0065016778523489934 0.010985748218527316
53 0.2545092281879195 0.7881532066508313 0.008598993288590604 0.012173396674584324
53 0.17711828859060402 0.7920130641330166 0.01153523489932886 0.01157957244655582
53 0.16285654362416108 0.7329275534441805 0.008598993288590604 0.014548693586698337
53 0.17376258389261745 0.5734857482185273 0.009018456375838927 0.010985748218527316
53 0.1746015100671141 0.42176365795724463 0.00985738255033557 0.013954869358669833
94 0.1626468120805369 0.4683788598574822 0.00985738255033557 0.017517814726840854
171 0.359375 0.7917161520190024 0.009437919463087249 0.009798099762470308
171 0.358116610738255 0.8622327790973872 0.00776006711409396 0.008907363420427554
290 0.09783976510067115 0.8591152019002375 0.014471476510067114 0.015142517814726841
341 0.2058515100671141 0.7388657957244655 0.015729865771812082 0.009798099762470308
341 0.21036073825503357 0.8062648456057007 0.013842281879194632 0.010985748218527316
52 0.33273909395973156 0.5722980997624703 0.006921140939597316 0.014548693586698337
178 0.3367239932885906 0.47223871733966744 0.009437919463087249 0.010985748218527316
341 0.3230914429530201 0.5328087885985748 0.008179530201342282 0.014548693586698337
53 0.17439177852348994 0.3211104513064133 0.008598993288590604 0.01157957244655582
341 0.584626677852349 0.11742874109263658 0.01153523489932886 0.015142517814726841
94 0.5852558724832215 0.16938836104513064 0.008598993288590604 0.014548693586698337
341 0.1811031879194631 0.11817102137767221 0.009018456375838927 0.0166270783847981
94 0.10266359060402684 0.16552850356294538 0.010696308724832215 0.018705463182897862