298 0.08465608465608465 0.10354291417165669 0.006349206349206349 0.0054890219560878245
298 0.08333333333333333 0.16192614770459082 0.00582010582010582 0.006986027944111776
299 0.07663139329805997 0.13048902195608783 0.007583774250440917 0.014471057884231538
299 0.07707231040564375 0.20708582834331338 0.008112874779541446 0.014471057884231538
299 0.07742504409171076 0.2564870259481038 0.0049382716049382715 0.01347305389221557
323 0.09955908289241623 0.24900199600798403 0.009347442680776015 0.006986027944111776
323 0.10740740740740741 0.23902195608782434 0.007760141093474427 0.012974051896207584
323 0.13465608465608467 0.24787924151696608 0.006525573192239859 0.008233532934131737
173 0.145679012345679 0.25124750499001997 0.00599647266313933 0.008483033932135729
299 0.1609347442680776 0.2465069860279441 0.00582010582010582 0.01347305389221557
323 0.145679012345679 0.19860279441117765 0.006701940035273368 0.009481037924151697
299 0.15229276895943564 0.1657934131736527 0.00582010582010582 0.011726546906187624
323 0.1664021164021164 0.1627994011976048 0.00582010582010582 0.01222554890219561
173 0.1808641975308642 0.16005489021956087 0.0051146384479717815 0.01222554890219561
173 0.16587301587301587 0.13360778443113772 0.007936507936507936 0.008233532934131737
173 0.16058201058201058 0.10017465069860279 0.008289241622574956 0.00873253493013972
299 0.17707231040564375 0.0718562874251497 0.006701940035273368 0.011976047904191617
299 0.11975308641975309 0.2750748502994012 0.009171075837742505 0.007235528942115769
299 0.07716049382716049 0.32609780439121755 0.005467372134038801 0.014970059880239521
299 0.07601410934744268 0.38260978043912175 0.007760141093474427 0.011726546906187624
299 0.07645502645502646 0.4590818363273453 0.007231040564373898 0.016966067864271458
299 0.07768959435626102 0.5259481037924152 0.004761904761904762 0.015469061876247504
299 0.10855379188712522 0.563622754491018 0.009347442680776015 0.008982035928143712
299 0.1652557319223986 0.5641217564870259 0.013051146384479718 0.008982035928143712
299 0.2173721340388007 0.563498003992016 0.008994708994708995 0.007734530938123752
299 0.2739858906525573 0.563248502994012 0.010052910052910053 0.008233532934131737
299 0.3270723104056437 0.5629990019960079 0.013580246913580247 0.007734530938123752
299 0.38289241622574954 0.565244510978044 0.013403880070546737 0.01122754491017964
299 0.43835978835978834 0.563498003992016 0.008289241622574956 0.007734530938123752
299 0.4880952380952381 0.5647455089820359 0.01216931216931217 0.00873253493013972
299 0.5111111111111111 0.5142215568862275 0.005643738977072311 0.015469061876247504
299 0.5468253968253968 0.4557135728542914 0.01181657848324515 0.008233532934131737
299 0.6172839506172839 0.45471556886227543 0.013403880070546737 0.009231536926147704
299 0.6757495590828925 0.45484031936127745 0.009347442680776015 0.00998003992015968
299 0.7376543209876543 0.44885229540918165 0.011111111111111112 0.008982035928143712
299 0.7875661375661376 0.4468562874251497 0.008289241622574956 0.009481037924151697
299 0.6851851851851852 0.31050399201596807 0.006349206349206349 0.01472055888223553
299 0.6835097001763668 0.4096806387225549 0.008641975308641974 0.015968063872255488
311 0.5328924162257496 0.24201596806387227 0.006525573192239859 0.011976047904191617
311 0.3492063492063492 0.24263972055888225 0.006349206349206349 0.01122754491017964
311 0.6964726631393298 0.1467065868263473 0.007054673721340388 0.007984031936127744
311 0.7574074074074074 0.23652694610778444 0.007583774250440917 0.007984031936127744
311 0.7832451499118166 0.17302894211576847 0.007407407407407408 0.010728542914171657
311 0.8154320987654321 0.2375249500998004 0.006525573192239859 0.008982035928143712
311 0.8244268077601411 0.33620259481037923 0.007583774250440917 0.01222554890219561
275 0.533068783068783 0.2744510978043912 0.009347442680776015 0.008483033932135729
275 0.34911816578483246 0.2730788423153693 0.008289241622574956 0.007734530938123752
285 0.6829805996472663 0.28867265469061876 0.01146384479717813 0.008982035928143712
280 0.7591710758377425 0.25948103792415167 0.008641975308641974 0.009481037924151697
280 0.8165784832451499 0.2619760479041916 0.010582010582010581 0.008982035928143712
280 0.8165784832451499 0.30389221556886226 0.009876543209876543 0.009481037924151697
280 0.8160493827160494 0.3594061876247505 0.010934744268077601 0.007235528942115769
280 0.8157848324514991 0.41641716566866266 0.012874779541446208 0.008483033932135729
316 0.8240740740740741 0.38897205588822353 0.007583774250440917 0.0074850299401197605
316 0.8246031746031746 0.3992015968063872 0.007936507936507936 0.008483033932135729
311 0.8247795414462081 0.4491017964071856 0.008289241622574956 0.011477045908183632
280 0.8164021164021164 0.4718063872255489 0.009523809523809525 0.008483033932135729
285 0.6919753086419753 0.4769211576846307 0.008994708994708995 0.007235528942115769
285 0.7131393298059965 0.47342814371257486 0.008994708994708995 0.007235528942115769
285 0.7508818342151675 0.468562874251497 0.008641975308641974 0.009481037924151697
285 0.6533509700176366 0.47629740518962077 0.007231040564373898 0.009481037924151697
285 0.5893298059964727 0.4751746506986028 0.008994708994708995 0.0062375249500998
285 0.5214285714285715 0.47629740518962077 0.008289241622574956 0.006986027944111776
316 0.8242504409171075 0.499001996007984 0.0068783068783068784 0.009481037924151697
316 0.8249559082892416 0.5093562874251497 0.008641975308641974 0.00873253493013972
280 0.8158730158730159 0.5275698602794411 0.010582010582010581 0.006736526946107785
280 0.8166666666666667 0.5845808383233533 0.009700176366843033 0.00998003992015968
280 0.8164021164021164 0.6400948103792415 0.009523809523809525 0.007734530938123752
280 0.8161375661375662 0.6956087824351297 0.008994708994708995 0.008982035928143712
311 0.8246913580246914 0.5596307385229541 0.006349206349206349 0.00998003992015968
316 0.8242504409171075 0.6102794411177644 0.010052910052910053 0.00998003992015968
316 0.8242504409171075 0.6227544910179641 0.007231040564373898 0.010479041916167664
311 0.8246031746031746 0.6753992015968064 0.007936507936507936 0.010479041916167664
316 0.8246913580246914 0.7210578842315369 0.010229276895943563 0.008982035928143712
316 0.8238977072310406 0.7324101796407185 0.010052910052910053 0.010728542914171657
311 0.8244268077601411 0.7720808383233533 0.007583774250440917 0.010229540918163672
280 0.8164902998236332 0.751996007984032 0.009347442680776015 0.00998003992015968
280 0.8173721340388007 0.7957834331337326 0.008994708994708995 0.007235528942115769
280 0.7733686067019401 0.7954091816367266 0.010229276895943563 0.007984031936127744
280 0.7386243386243386 0.7972804391217565 0.011287477954144622 0.007235528942115769
280 0.6980599647266313 0.7956586826347305 0.01164021164021164 0.006986027944111776
280 0.6632275132275133 0.7957834331337326 0.009347442680776015 0.007235528942115769
280 0.6246913580246913 0.7962824351297405 0.010934744268077601 0.0062375249500998
280 0.5882716049382716 0.7960329341317365 0.007936507936507936 0.006736526946107785
280 0.5500881834215168 0.7962824351297405 0.010582010582010581 0.0062375249500998
280 0.5157848324514991 0.7956586826347305 0.010052910052910053 0.006986027944111776
285 0.4910934744268078 0.7890469061876247 0.008641975308641974 0.0062375249500998
285 0.4715167548500882 0.5737275449101796 0.008641975308641974 0.007734530938123752
285 0.4174603174603175 0.5722305389221557 0.008465608465608466 0.009231536926147704
285 0.36437389770723105 0.5736027944111777 0.008112874779541446 0.007984031936127744
285 0.31022927689594354 0.5737275449101796 0.009876543209876543 0.007734530938123752
285 0.25476190476190474 0.5729790419161677 0.009347442680776015 0.00873253493013972
285 0.20044091710758377 0.5719810379241517 0.008994708994708995 0.00873253493013972
285 0.14532627865961198 0.5736027944111777 0.010582010582010581 0.008982035928143712
285 0.08589065255731923 0.5738522954091816 0.009523809523809525 0.009481037924151697
285 0.086331569664903 0.43675149700598803 0.008641975308641974 0.007734530938123752
285 0.08686067019400352 0.5026197604790419 0.008289241622574956 0.005738522954091816
285 0.0871252204585538 0.3676397205588822 0.007054673721340388 0.009231536926147704
311 0.15793650793650793 0.2730788423153693 0.004761904761904762 0.005738522954091816
311 0.08959435626102293 0.27395209580838326 0.006701940035273368 0.009481037924151697
298 0.08350970017636684 0.2758233532934132 0.005467372134038801 0.007734530938123752
298 0.08368606701940036 0.28530439121756485 0.006525573192239859 0.006736526946107785
173 0.1001763668430335 0.28605289421157687 0.008112874779541446 0.008233532934131737
323 0.13447971781305115 0.2969061876247505 0.008641975308641974 0.007984031936127744
311 0.20149911816578484 0.3218562874251497 0.0068783068783068784 0.007984031936127744
311 0.20097001763668432 0.43263473053892215 0.008994708994708995 0.00998003992015968
311 0.3494708994708995 0.4782934131736527 0.007583774250440917 0.00998003992015968
275 0.20220458553791887 0.3526696606786427 0.008641975308641974 0.007235528942115769
275 0.2019400352733686 0.4649451097804391 0.010934744268077601 0.007734530938123752
275 0.349647266313933 0.5078592814371258 0.010052910052910053 0.010728542914171657
298 0.517636684303351 0.4569610778443114 0.006701940035273368 0.007235528942115769
298 0.5815696649029982 0.4568363273453094 0.005467372134038801 0.009481037924151697
298 0.6454144620811287 0.4559630738522954 0.008289241622574956 0.007734530938123752
275 0.66331569664903 0.6981037924151696 0.011287477954144622 0.008483033932135729
311 0.6628747795414462 0.6684131736526946 0.008641975308641974 0.008982035928143712
311 0.6641975308641975 0.5561377245508982 0.007407407407407408 0.011477045908183632
275 0.6655202821869488 0.5864520958083832 0.007936507936507936 0.006736526946107785
299 0.5034391534391535 0.5976796407185628 0.006525573192239859 0.01621756487025948
299 0.5035273368606702 0.6697854291417166 0.006701940035273368 0.012724550898203593
299 0.5038800705467372 0.7483782435129741 0.006701940035273368 0.01222554890219561
321 0.49700176366843035 0.7633483033932136 0.008465608465608466 0.007734530938123752
311 0.5146384479717813 0.7587325349301397 0.007054673721340388 0.00998003992015968
285 0.5154320987654321 0.7252994011976048 0.008641975308641974 0.009481037924151697
285 0.5156084656084656 0.6514471057884231 0.008994708994708995 0.010479041916167664
285 0.5154320987654321 0.5737275449101796 0.006172839506172839 0.007734530938123752
298 0.08350970017636684 0.3468063872255489 0.007936507936507936 0.008982035928143712
298 0.08395061728395062 0.41641716566866266 0.0038800705467372134 0.00499001996007984
298 0.08430335097001763 0.48552894211576847 0.006349206349206349 0.004491017964071856
298 0.08430335097001763 0.5543912175648703 0.006349206349206349 0.00499001996007984
298 0.13880070546737214 0.5527694610778443 0.007760141093474427 0.008233532934131737
298 0.1931216931216931 0.5537674650698603 0.007407407407407408 0.007734530938123752
298 0.24673721340388008 0.5543912175648703 0.009876543209876543 0.010479041916167664
298 0.30185185185185187 0.5527694610778443 0.008641975308641974 0.007235528942115769
298 0.3554673721340388 0.5528942115768463 0.006172839506172839 0.009481037924151697
298 0.4096119929453263 0.5522704590818364 0.0068783068783068784 0.008233532934131737
298 0.46331569664903 0.5530189620758483 0.008465608465608466 0.007734530938123752
298 0.5089065255731923 0.5533932135728543 0.0051146384479717815 0.006986027944111776
298 0.5186948853615521 0.5525199600798403 0.007407407407407408 0.00873253493013972
298 0.5101410934744268 0.6287425149700598 0.006525573192239859 0.010479041916167664
298 0.5106701940035273 0.7024700598802395 0.005467372134038801 0.0062375249500998
316 0.5462962962962963 0.7578592814371258 0.005467372134038801 0.008233532934131737
316 0.5537037037037037 0.7593562874251497 0.00582010582010582 0.009730538922155689
311 0.586331569664903 0.7587325349301397 0.007936507936507936 0.008982035928143712
316 0.6204585537918871 0.7584830339321357 0.005643738977072311 0.010479041916167664
316 0.627689594356261 0.7593562874251497 0.008112874779541446 0.01222554890219561
316 0.694973544973545 0.7588572854291418 0.007936507936507936 0.01122754491017964
316 0.7041446208112875 0.7602295409181636 0.00582010582010582 0.008483033932135729
316 0.7687830687830688 0.7584830339321357 0.007407407407407408 0.008483033932135729
316 0.7779541446208112 0.7597305389221557 0.007760141093474427 0.010479041916167664
311 0.6602292768959436 0.7574850299401198 0.007583774250440917 0.013972055888223553
311 0.7357142857142858 0.7598552894211577 0.006172839506172839 0.007734530938123752
298 0.7605820105820106 0.4498502994011976 0.006525573192239859 0.0054890219560878245
298 0.7117283950617284 0.4491017964071856 0.006172839506172839 0.006986027944111776
299 0.7128747795414462 0.4605788423153693 0.007054673721340388 0.00998003992015968
298 0.6923280423280423 0.4554640718562874 0.004409171075837742 0.006736526946107785
298 0.6923280423280423 0.36090319361277445 0.0051146384479717815 0.007235528942115769
285 0.6838624338624338 0.38036427145708585 0.008641975308641974 0.009231536926147704
316 0.8238977072310406 0.27607285429141715 0.008641975308641974 0.008233532934131737
316 0.8248677248677249 0.2869261477045908 0.008112874779541446 0.008982035928143712
280 0.7850970017636685 0.19797904191616766 0.008641975308641974 0.007235528942115769
280 0.8160493827160494 0.19785429141716568 0.009523809523809525 0.010479041916167664
320 0.8162257495590829 0.17390219560878242 0.00599647266313933 0.010978043912175649
280 0.8166666666666667 0.11639221556886227 0.009700176366843033 0.012724550898203593
320 0.8150793650793651 0.09381237524950099 0.008289241622574956 0.010479041916167664
300 0.8418871252204585 0.08046407185628743 0.008641975308641974 0.009231536926147704
275 0.8652557319223986 0.09530938123752496 0.010582010582010581 0.009481037924151697
318 0.8580246913580247 0.11676646706586827 0.006349206349206349 0.00998003992015968
318 0.8652557319223986 0.11838822355289422 0.006701940035273368 0.01222554890219561
275 0.8667548500881834 0.14945109780439123 0.01146384479717813 0.00998003992015968
318 0.8566137566137566 0.17078343313373254 0.008112874779541446 0.009231536926147704
318 0.8663139329805997 0.1720309381237525 0.006701940035273368 0.012724550898203593
300 0.8422398589065255 0.22679640718562874 0.008641975308641974 0.008483033932135729
300 0.8348324514991181 0.23665169660678642 0.006172839506172839 0.012724550898203593
300 0.8411816578483245 0.24738023952095808 0.01181657848324515 0.007235528942115769
275 0.8664021164021164 0.2559880239520958 0.01146384479717813 0.00998003992015968
300 0.8785714285714286 0.23565369261477045 0.008289241622574956 0.01472055888223553
318 0.8571428571428571 0.2245508982035928 0.007054673721340388 0.008483033932135729
318 0.8662257495590829 0.2256736526946108 0.006172839506172839 0.011726546906187624
275 0.34982363315696646 0.08732534930139721 0.010758377425044091 0.008982035928143712
275 0.5338624338624338 0.08844810379241518 0.010934744268077601 0.01122754491017964
323 0.0699294532627866 0.20658682634730538 0.00582010582010582 0.010978043912175649