299 0.20873015873015874 0.09930139720558882 0.011111111111111112 0.007984031936127744
299 0.2669312169312169 0.0999251497005988 0.010405643738977073 0.008233532934131737
299 0.3242504409171076 0.09955089820359281 0.011111111111111112 0.0074850299401197605
299 0.3718694885361552 0.0999251497005988 0.009700176366843033 0.008233532934131737
299 0.421957671957672 0.09967564870259481 0.010052910052910053 0.007235528942115769
299 0.46904761904761905 0.09917664670658682 0.009347442680776015 0.007734530938123752
299 0.5233686067019401 0.1000499001996008 0.008641975308641974 0.006487025948103792
299 0.5721340388007055 0.09967564870259481 0.009876543209876543 0.00873253493013972
299 0.6155202821869489 0.08832335329341318 0.0049382716049382715 0.00998003992015968
299 0.6148148148148148 0.09880239520958084 0.009171075837742505 0.005988023952095809
299 0.6746031746031746 0.07023453093812375 0.010582010582010581 0.00873253493013972
299 0.7082010582010582 0.09568363273453094 0.0051146384479717815 0.01222554890219561
299 0.7318342151675485 0.10516467065868264 0.010052910052910053 0.00873253493013972
299 0.7828042328042328 0.1061626746506986 0.008994708994708995 0.009231536926147704
299 0.1720458553791887 0.13847305389221556 0.0068783068783068784 0.01347305389221557
299 0.17178130511463846 0.1996007984031936 0.006701940035273368 0.01347305389221557
299 0.17134038800705467 0.26397205588822353 0.006525573192239859 0.014970059880239521
299 0.17213403880070546 0.3247255489021956 0.003527336860670194 0.01122754491017964
299 0.17178130511463846 0.4003243512974052 0.005643738977072311 0.012724550898203593
299 0.17178130511463846 0.4847804391217565 0.004585537918871252 0.014970059880239521
299 0.17054673721340388 0.562749500998004 0.007054673721340388 0.012724550898203593
299 0.17231040564373898 0.6403443113772455 0.005643738977072311 0.013722554890219561
299 0.1720458553791887 0.716816367265469 0.0068783068783068784 0.012974051896207584
299 0.07195767195767196 0.7077095808383234 0.006349206349206349 0.015718562874251496
299 0.07134038800705467 0.6117764471057884 0.005467372134038801 0.0124750499001996
299 0.07204585537918871 0.5112275449101796 0.004409171075837742 0.01347305389221557
299 0.07204585537918871 0.4249001996007984 0.005467372134038801 0.010978043912175649
299 0.07142857142857142 0.3287175648702595 0.006349206349206349 0.015219560878243513
285 0.16957671957671958 0.12350299401197605 0.008994708994708995 0.007984031936127744
285 0.16904761904761906 0.18463073852295409 0.008994708994708995 0.006487025948103792
285 0.16922398589065255 0.24862774451097805 0.008641975308641974 0.007235528942115769
285 0.16869488536155203 0.31137724550898205 0.010405643738977073 0.008483033932135729
280 0.22645502645502646 0.18937125748502995 0.009171075837742505 0.00998003992015968
280 0.30088183421516757 0.18937125748502995 0.008112874779541446 0.005988023952095809
280 0.30070546737213405 0.2523702594810379 0.007760141093474427 0.009231536926147704
280 0.22592592592592592 0.25174650698602796 0.010229276895943563 0.007984031936127744
280 0.24567901234567902 0.31462075848303395 0.008112874779541446 0.007984031936127744
280 0.3007936507936508 0.31549401197604793 0.010405643738977073 0.008233532934131737
280 0.3432980599647266 0.3290918163672655 0.010052910052910053 0.006986027944111776
280 0.30246913580246915 0.37649700598802394 0.008112874779541446 0.008982035928143712
280 0.24514991181657847 0.37712075848303395 0.007054673721340388 0.0062375249500998
280 0.19973544973544974 0.37699600798403193 0.010052910052910053 0.006986027944111776
311 0.22583774250440916 0.16467065868263472 0.007231040564373898 0.009481037924151697
311 0.2990299823633157 0.16392215568862276 0.006172839506172839 0.00998003992015968
311 0.29885361552028217 0.22692115768463073 0.006525573192239859 0.009231536926147704
311 0.22566137566137567 0.22791916167664672 0.006525573192239859 0.00873253493013972
311 0.24347442680776013 0.28954590818363274 0.007231040564373898 0.010728542914171657
311 0.29964726631393296 0.28967065868263475 0.006701940035273368 0.011976047904191617
311 0.341358024691358 0.30439121756487025 0.007936507936507936 0.010479041916167664
285 0.2480599647266314 0.12312874251497007 0.010052910052910053 0.00873253493013972
285 0.29973544973544974 0.12337824351297405 0.008289241622574956 0.006736526946107785
285 0.3566137566137566 0.12437624750499002 0.008465608465608466 0.00873253493013972
285 0.4088183421516755 0.12362774451097805 0.009876543209876543 0.009231536926147704
285 0.45652557319223985 0.12400199600798403 0.009700176366843033 0.007984031936127744
285 0.5077601410934744 0.12450099800399202 0.010582010582010581 0.0124750499001996
285 0.5569664902998236 0.12312874251497007 0.006349206349206349 0.007235528942115769
285 0.5997354497354498 0.12450099800399202 0.010052910052910053 0.0074850299401197605
285 0.6235449735449735 0.12325349301397205 0.007583774250440917 0.008483033932135729
285 0.6470017636684303 0.12375249500998003 0.008641975308641974 0.008483033932135729
299 0.6803350970017636 0.15119760479041916 0.0051146384479717815 0.010479041916167664
285 0.690299823633157 0.12275449101796407 0.007407407407407408 0.006487025948103792
285 0.7073192239858906 0.12874251497005987 0.008641975308641974 0.006986027944111776
285 0.7564373897707231 0.12886726546906188 0.010934744268077601 0.00873253493013972
285 0.6898589065255732 0.30988023952095806 0.008641975308641974 0.0074850299401197605
285 0.690299823633157 0.40144710578842313 0.007407407407407408 0.005988023952095809
299 0.6789241622574956 0.42602295409181634 0.007936507936507936 0.013223552894211578
299 0.6801587301587302 0.5258233532934131 0.004761904761904762 0.011726546906187624
285 0.68994708994709 0.4948852295409182 0.009171075837742505 0.007734530938123752
285 0.6893298059964726 0.5869510978043913 0.009700176366843033 0.007734530938123752
285 0.7556437389770723 0.4933882235528942 0.010052910052910053 0.007734530938123752
285 0.8126984126984127 0.1279940119760479 0.007407407407407408 0.006986027944111776
314 0.8164902998236332 0.13622754491017963 0.007231040564373898 0.0074850299401197605
286 0.8160493827160494 0.14520958083832336 0.008112874779541446 0.005988023952095809
311 0.8197530864197531 0.1629241516966068 0.006701940035273368 0.011477045908183632
311 0.8195767195767196 0.22417664670658682 0.00599647266313933 0.01122754491017964
316 0.8201940035273368 0.2833083832335329 0.005467372134038801 0.009231536926147704
316 0.8197530864197531 0.2942864271457086 0.007407407407407408 0.01122754491017964
311 0.8198412698412698 0.3498003992015968 0.005467372134038801 0.011477045908183632
316 0.8189594356261023 0.406561876247505 0.008289241622574956 0.010728542914171657
316 0.8192239858906526 0.4181636726546906 0.007407407407407408 0.00998003992015968
311 0.8194885361552028 0.47243013972055886 0.006172839506172839 0.010229540918163672
316 0.8196649029982364 0.5247005988023952 0.006525573192239859 0.007984031936127744
316 0.8187830687830688 0.5350548902195609 0.007583774250440917 0.007235528942115769
316 0.8194885361552028 0.5446606786427146 0.00582010582010582 0.007984031936127744
314 0.8197530864197531 0.5904441117764471 0.006349206349206349 0.010728542914171657
311 0.8191358024691358 0.6004241516966068 0.008641975308641974 0.009231536926147704
311 0.7527336860670194 0.5954341317365269 0.006701940035273368 0.009231536926147704
280 0.8114638447971781 0.18587824351297405 0.008112874779541446 0.008483033932135729
280 0.8116402116402116 0.24800399201596807 0.008465608465608466 0.011477045908183632
280 0.8108465608465608 0.31075349301397204 0.010052910052910053 0.009231536926147704
280 0.8107583774250441 0.37300399201596807 0.009523809523809525 0.008982035928143712
280 0.8121693121693122 0.4356287425149701 0.007407407407407408 0.007984031936127744
280 0.8115520282186949 0.49800399201596807 0.007583774250440917 0.005988023952095809
280 0.8111992945326278 0.5582584830339321 0.008289241622574956 0.006736526946107785
280 0.8119929453262786 0.6185129740518962 0.008112874779541446 0.0074850299401197605
280 0.8117283950617284 0.6830089820359282 0.009347442680776015 0.011726546906187624
280 0.7785714285714286 0.6813872255489022 0.008994708994708995 0.006986027944111776
280 0.7537918871252205 0.6211327345309381 0.008465608465608466 0.007734530938123752
311 0.7791887125220458 0.657060878243513 0.008818342151675485 0.01122754491017964
320 0.8104938271604938 0.6586826347305389 0.008994708994708995 0.009481037924151697
300 0.8364197530864198 0.5965568862275449 0.008641975308641974 0.008483033932135729
300 0.8291887125220458 0.6153942115768463 0.0051146384479717815 0.010728542914171657
300 0.8484126984126984 0.6372255489021956 0.007583774250440917 0.006487025948103792
300 0.8734567901234568 0.6157684630738522 0.0051146384479717815 0.014471057884231538
318 0.8527336860670194 0.6024201596806387 0.005291005291005291 0.009231536926147704
318 0.8601410934744268 0.6021706586826348 0.005643738977072311 0.00873253493013972
275 0.8612874779541446 0.6327345309381237 0.007231040564373898 0.008483033932135729
318 0.8526455026455027 0.655314371257485 0.006525573192239859 0.010728542914171657
318 0.8607583774250441 0.655813373253493 0.0068783068783068784 0.010728542914171657
300 0.8489417989417989 0.6870009980039921 0.010758377425044091 0.010229540918163672
275 0.8611111111111112 0.686127744510978 0.007583774250440917 0.008483033932135729
300 0.8293650793650794 0.7079590818363274 0.005467372134038801 0.010728542914171657
300 0.8358906525573192 0.7270459081836327 0.007583774250440917 0.00499001996007984
300 0.8729276895943563 0.7084580838323353 0.006172839506172839 0.012724550898203593
318 0.8526455026455027 0.7087075848303394 0.006525573192239859 0.008233532934131737
318 0.8608465608465609 0.7100798403193613 0.00599647266313933 0.010978043912175649
275 0.8605820105820106 0.7400199600798403 0.008289241622574956 0.008982035928143712
280 0.8112874779541446 0.7625998003992016 0.008465608465608466 0.007235528942115769
320 0.8106701940035274 0.7386477045908184 0.00582010582010582 0.006736526946107785
311 0.6907407407407408 0.6803892215568862 0.006525573192239859 0.008483033932135729
275 0.6919753086419753 0.7110778443113772 0.007231040564373898 0.006986027944111776
311 0.528395061728395 0.7037175648702595 0.008465608465608466 0.007734530938123752
275 0.5288359788359789 0.7336576846307385 0.007936507936507936 0.0062375249500998
275 0.5297178130511464 0.5209580838323353 0.008994708994708995 0.00998003992015968
311 0.5277777777777778 0.4906437125748503 0.008994708994708995 0.009231536926147704
311 0.5280423280423281 0.3018962075848303 0.008465608465608466 0.00998003992015968
275 0.5293650793650794 0.33246007984031933 0.008994708994708995 0.009231536926147704
311 0.3432980599647266 0.49139221556886226 0.009347442680776015 0.009231536926147704
311 0.3440035273368607 0.7034680638722555 0.006525573192239859 0.007235528942115769
275 0.345326278659612 0.7340319361277445 0.008112874779541446 0.006986027944111776
275 0.3437389770723104 0.5208333333333334 0.010229276895943563 0.009730538922155689
286 0.1529100529100529 0.4468562874251497 0.009171075837742505 0.00998003992015968
329 0.15811287477954145 0.4310129740518962 0.007583774250440917 0.011726546906187624
319 0.16552028218694886 0.43774950099800397 0.0051146384479717815 0.007734530938123752
329 0.172663139329806 0.4398702594810379 0.006701940035273368 0.007984031936127744
311 0.1961199294532628 0.3486776447105788 0.009171075837742505 0.010728542914171657
311 0.24426807760141092 0.35154690618762474 0.006349206349206349 0.010479041916167664
311 0.29876543209876544 0.3526696606786427 0.008465608465608466 0.00873253493013972
298 0.17954144620811288 0.10229540918163672 0.006349206349206349 0.00998003992015968
298 0.23783068783068784 0.10229540918163672 0.008641975308641974 0.008483033932135729
298 0.2990299823633157 0.10229540918163672 0.007231040564373898 0.00998003992015968
298 0.3494708994708995 0.1031686626746507 0.007583774250440917 0.007235528942115769
298 0.3977072310405644 0.10167165668662674 0.00599647266313933 0.00873253493013972
298 0.44841269841269843 0.10129740518962076 0.007583774250440917 0.007984031936127744
298 0.49832451499118163 0.10229540918163672 0.005467372134038801 0.008483033932135729
298 0.5474426807760141 0.10242015968063872 0.00599647266313933 0.007235528942115769
298 0.5981481481481481 0.10379241516966067 0.006525573192239859 0.006986027944111776
298 0.6234567901234568 0.10167165668662674 0.0038800705467372134 0.007235528942115769
298 0.6417107583774251 0.10366766467065869 0.006172839506172839 0.005738522954091816
298 0.6238095238095238 0.0847055888223553 0.005643738977072311 0.005738522954091816
285 0.6062610229276896 0.06773952095808383 0.008994708994708995 0.0062375249500998
285 0.6326278659611992 0.06661676646706587 0.007054673721340388 0.00499001996007984
285 0.6627865961199294 0.06699101796407185 0.008818342151675485 0.009231536926147704
299 0.6298059964726631 0.0721057884231537 0.009523809523809525 0.006487025948103792
298 0.6522045855379188 0.0750998003992016 0.00599647266313933 0.006487025948103792
298 0.7071428571428572 0.07784431137724551 0.007936507936507936 0.007984031936127744
285 0.7159611992945326 0.06724051896207585 0.010405643738977073 0.009231536926147704
298 0.6810405643738977 0.10366766467065869 0.006525573192239859 0.005738522954091816
298 0.7564373897707231 0.10890718562874252 0.010229276895943563 0.009730538922155689
299 0.7156084656084656 0.47280439121756485 0.010052910052910053 0.010479041916167664
299 0.7738095238095238 0.47355289421157687 0.008641975308641974 0.007984031936127744
298 0.7474426807760141 0.4748003992015968 0.007760141093474427 0.006487025948103792
298 0.6880952380952381 0.19610778443113772 0.004056437389770723 0.007984031936127744
298 0.6880070546737214 0.29141716566866266 0.007054673721340388 0.006986027944111776
298 0.6877425044091711 0.38498003992015967 0.00582010582010582 0.00499001996007984
298 0.6877425044091711 0.4750499001996008 0.007583774250440917 0.00499001996007984
298 0.6880952380952381 0.48303393213572854 0.0051146384479717815 0.0054890219560878245
298 0.15520282186948853 0.7593562874251497 0.007054673721340388 0.006736526946107785
298 0.18024691358024691 0.748627744510978 0.005643738977072311 0.009231536926147704
323 0.16322751322751322 0.6442115768463074 0.006525573192239859 0.011477045908183632
149 0.12469135802469136 0.6691616766467066 0.007054673721340388 0.005988023952095809
149 0.1246031746031746 0.688872255489022 0.006172839506172839 0.00499001996007984
298 0.08007054673721341 0.655938123752495 0.007407407407407408 0.0074850299401197605
298 0.08033509700176367 0.562375249500998 0.006172839506172839 0.00499001996007984
298 0.0791005291005291 0.46744011976047906 0.005467372134038801 0.00873253493013972
298 0.08059964726631394 0.375374251497006 0.006701940035273368 0.010229540918163672
149 0.12416225749559083 0.29278942115768464 0.009171075837742505 0.008233532934131737
298 0.18015873015873016 0.2935379241516966 0.006525573192239859 0.007235528942115769
298 0.17962962962962964 0.35503992015968067 0.006172839506172839 0.006487025948103792
298 0.17954144620811288 0.4426147704590818 0.004232804232804233 0.006487025948103792
298 0.17998236331569664 0.5285678642714571 0.0068783068783068784 0.007235528942115769
298 0.17954144620811288 0.6024201596806387 0.00599647266313933 0.007734530938123752
298 0.1797178130511464 0.6763972055888223 0.007407407407407408 0.006986027944111776
298 0.07927689594356262 0.7485029940119761 0.007231040564373898 0.007984031936127744
173 0.15608465608465608 0.7465069860279441 0.007760141093474427 0.006487025948103792