34 0.0975251677852349 0.5700712589073634 0.007130872483221477 0.012470308788598575
30 0.15750838926174496 0.47802850356294535 0.008808724832214765 0.010688836104513063
30 0.19683305369127516 0.4936163895486936 0.008179530201342282 0.009798099762470308
30 0.21895973154362416 0.4796615201900237 0.00964765100671141 0.01157957244655582
30 0.24045721476510068 0.48634204275534443 0.00776006711409396 0.010095011876484561
30 0.28062080536912754 0.4994061757719715 0.008389261744966443 0.013064133016627079
30 0.2764261744966443 0.5316211401425178 0.007130872483221477 0.009204275534441805
30 0.32518875838926176 0.5518111638954869 0.012374161073825503 0.013954869358669833
30 0.3798238255033557 0.5703681710213777 0.008389261744966443 0.011282660332541567
30 0.4148489932885906 0.5847684085510689 0.008808724832214765 0.010391923990498812
30 0.4480914429530201 0.5950118764845606 0.010696308724832215 0.014251781472684086
30 0.48070469798657717 0.6089667458432304 0.009228187919463088 0.0166270783847981
30 0.1460780201342282 0.5393408551068883 0.006921140939597316 0.0086104513064133
30 0.2256711409395973 0.5685866983372921 0.007550335570469799 0.009501187648456057
30 0.22976090604026847 0.5417161520190024 0.005662751677852349 0.009204275534441805
30 0.23636744966442952 0.5123218527315915 0.005453020134228188 0.01157957244655582
30 0.216128355704698 0.5001484560570071 0.005243288590604027 0.009798099762470308
30 0.270868288590604 0.5570071258907363 0.010276845637583893 0.010688836104513063
30 0.26552013422818793 0.5828384798099763 0.010906040268456376 0.010095011876484561
30 0.26048657718120805 0.6135688836104513 0.007550335570469799 0.010985748218527316
30 0.25440436241610737 0.6441508313539193 0.007130872483221477 0.0086104513064133
30 0.24811241610738255 0.6781472684085511 0.008808724832214765 0.010095011876484561
30 0.20847315436241612 0.6579572446555819 0.007130872483221477 0.011282660332541567
30 0.21308724832214765 0.6275237529691211 0.008389261744966443 0.010391923990498812
30 0.2192743288590604 0.5985748218527316 0.007340604026845637 0.00831353919239905
30 0.13506711409395974 0.6016923990498813 0.008808724832214765 0.008016627078384799
30 0.3015939597315436 0.6980403800475059 0.008389261744966443 0.012470308788598575
30 0.35958473154362414 0.6831947743467933 0.00776006711409396 0.010095011876484561
30 0.3530830536912752 0.7157066508313539 0.00776006711409396 0.01157957244655582
30 0.38947147651006714 0.7301068883610451 0.009228187919463088 0.010688836104513063
30 0.3956585570469799 0.6964073634204275 0.008179530201342282 0.0086104513064133
30 0.40604026845637586 0.6355403800475059 0.007130872483221477 0.010391923990498812
30 0.4002726510067114 0.6656769596199525 0.008179530201342282 0.010688836104513063
30 0.43812919463087246 0.6480106888361045 0.010067114093959731 0.01157957244655582
30 0.42554530201342283 0.7076900237529691 0.00964765100671141 0.012173396674584324
30 0.42051174496644295 0.7400534441805225 0.007550335570469799 0.010985748218527316
30 0.4601510067114094 0.7185273159144893 0.007969798657718121 0.013657957244655582
30 0.4709521812080537 0.6581057007125891 0.008179530201342282 0.01157957244655582
30 0.46528942953020136 0.6895783847980997 0.008179530201342282 0.010985748218527316
30 0.4526006711409396 0.7538598574821853 0.007130872483221477 0.010688836104513063
30 0.5054530201342282 0.6088182897862233 0.008808724832214765 0.010391923990498812
30 0.5374370805369127 0.6083729216152018 0.009018456375838927 0.010688836104513063
30 0.5702600671140939 0.6082244655581948 0.011325503355704697 0.015142517814726841
30 0.5058724832214765 0.6573634204275535 0.006711409395973154 0.010095011876484561
30 0.5373322147651006 0.6592933491686461 0.009228187919463088 0.0086104513064133
30 0.5694211409395973 0.6572149643705463 0.007550335570469799 0.009798099762470308
30 0.5682676174496645 0.7140736342042755 0.005662751677852349 0.00831353919239905
30 0.5374370805369127 0.7165973871733967 0.008179530201342282 0.009798099762470308
30 0.5058724832214765 0.7151128266033254 0.008808724832214765 0.0086104513064133
30 0.5069211409395973 0.7584619952494062 0.013842281879194632 0.01157957244655582
30 0.5358640939597316 0.7575712589073634 0.009228187919463088 0.010985748218527316
30 0.5683724832214765 0.7580166270783848 0.006711409395973154 0.010095011876484561
30 0.569106543624161 0.7998812351543944 0.008179530201342282 0.011282660332541567
323 0.11252097315436242 0.5785332541567696 0.010696308724832215 0.010985748218527316
323 0.08022231543624161 0.6159441805225653 0.006082214765100671 0.01336104513064133
323 0.09972734899328858 0.6521674584323041 0.00985738255033557 0.01157957244655582
94 0.13108221476510068 0.5669536817102138 0.007550335570469799 0.012173396674584324
171 0.17009228187919462 0.5794239904988123 0.007969798657718121 0.010985748218527316
171 0.2105704697986577 0.5938242280285035 0.0050335570469798654 0.013657957244655582
171 0.3034815436241611 0.6288598574821853 0.006711409395973154 0.010095011876484561
171 0.34291107382550334 0.6149049881235155 0.007130872483221477 0.010688836104513063
171 0.3319001677852349 0.6745843230403801 0.008179530201342282 0.011282660332541567
171 0.3266568791946309 0.7079869358669834 0.006921140939597316 0.0086104513064133
94 0.33106124161073824 0.7376781472684085 0.008598993288590604 0.009798099762470308
171 0.37038590604026844 0.7105106888361045 0.007550335570469799 0.00831353919239905
171 0.3913590604026846 0.6589964370546318 0.006711409395973154 0.010985748218527316
94 0.35297818791946306 0.5605700712589073 0.007550335570469799 0.012470308788598575
38 0.3179530201342282 0.6022862232779097 0.010067114093959731 0.0086104513064133
94 0.17984479865771813 0.48842042755344417 0.011115771812080536 0.008907363420427554
38 0.18603187919463088 0.5546318289786223 0.007969798657718121 0.009501187648456057
38 0.17428691275167785 0.6138657957244655 0.010067114093959731 0.010391923990498812
171 0.2514681208053691 0.6094121140142518 0.00587248322147651 0.012767220902612826
171 0.24790268456375839 0.5207838479809976 0.006291946308724832 0.009501187648456057
94 0.2519924496644295 0.4913895486935867 0.009018456375838927 0.008907363420427554
34 0.07497902684563758 0.6606294536817102 0.009437919463087249 0.009501187648456057
34 0.11566694630872483 0.6742874109263658 0.008598993288590604 0.012470308788598575
34 0.15478187919463088 0.6897268408551069 0.009228187919463088 0.010095011876484561
34 0.19368708053691275 0.7035332541567696 0.011115771812080536 0.012767220902612826
34 0.23416526845637584 0.7192695961995249 0.008179530201342282 0.015142517814726841
34 0.2597525167785235 0.7289192399049881 0.008179530201342282 0.011282660332541567
34 0.2862835570469799 0.7407957244655582 0.010067114093959731 0.013657957244655582
34 0.31187080536912754 0.7482185273159145 0.010067114093959731 0.012470308788598575
34 0.34112835570469796 0.7606888361045131 0.010696308724832215 0.013064133016627079
34 0.373741610738255 0.7694477434679335 0.006291946308724832 0.010391923990498812
34 0.4071937919463087 0.7825118764845606 0.01363255033557047 0.015736342042755345
34 0.4394924496644295 0.7951306413301663 0.00776006711409396 0.010688836104513063
34 0.46633808724832215 0.8047802850356295 0.009018456375838927 0.01157957244655582
34 0.4939177852348993 0.8154691211401425 0.010486577181208054 0.013954869358669833
34 0.5242239932885906 0.8267517814726841 0.008179530201342282 0.01157957244655582
34 0.5537961409395973 0.8378859857482185 0.006921140939597316 0.012470308788598575
34 0.5837877516778524 0.8491686460807601 0.008598993288590604 0.011282660332541567
34 0.6153523489932886 0.8595605700712589 0.008808724832214765 0.012470308788598575
34 0.6453439597315436 0.8171021377672208 0.007969798657718121 0.013064133016627079
34 0.6655830536912751 0.773604513064133 0.00776006711409396 0.010985748218527316
34 0.6803691275167785 0.748812351543943 0.008808724832214765 0.010688836104513063
34 0.6973573825503355 0.6996733966745843 0.00964765100671141 0.013954869358669833
34 0.6985109060402684 0.6594418052256532 0.007340604026845637 0.014845605700712588
34 0.6989303691275168 0.6089667458432304 0.010696308724832215 0.0166270783847981
34 0.6986157718120806 0.5766033254156769 0.012164429530201342 0.010688836104513063
34 0.6995595637583892 0.5434976247030879 0.009018456375838927 0.012767220902612826
34 0.7003984899328859 0.5063836104513064 0.00776006711409396 0.015142517814726841
34 0.7030201342281879 0.4719418052256532 0.009228187919463088 0.012767220902612826
34 0.7032298657718121 0.43200712589073637 0.007130872483221477 0.011876484560570071
37 0.7038590604026845 0.40112826603325413 0.010906040268456376 0.012470308788598575
37 0.6963087248322147 0.334916864608076 0.010906040268456376 0.010095011876484561
37 0.6908557046979866 0.2730106888361045 0.015100671140939598 0.015142517814726841
37 0.68498322147651 0.20620546318289787 0.010486577181208054 0.014548693586698337
37 0.6778523489932886 0.14266627078384797 0.008808724832214765 0.012173396674584324
37 0.6759647651006712 0.11891330166270783 0.012164429530201342 0.012173396674584324
37 0.6391568791946308 0.07823634204275534 0.013213087248322148 0.013954869358669833
37 0.6197567114093959 0.08224465558194774 0.013422818791946308 0.011876484560570071
37 0.5684773489932886 0.09085510688836104 0.010696308724832215 0.008907363420427554
37 0.5406879194630873 0.09456650831353919 0.014681208053691275 0.012767220902612826
30 0.5701552013422819 0.14326009501187648 0.008179530201342282 0.01157957244655582
30 0.5688968120805369 0.20858076009501186 0.0065016778523489934 0.012173396674584324
30 0.5698406040268457 0.27167458432304037 0.007550335570469799 0.013657957244655582
30 0.5674286912751678 0.33447149643705465 0.008598993288590604 0.01157957244655582
30 0.5685822147651006 0.3980106888361045 0.008389261744966443 0.010391923990498812
30 0.5685822147651006 0.47164489311163893 0.007130872483221477 0.012173396674584324
30 0.569001677852349 0.5399346793349169 0.009228187919463088 0.009798099762470308
94 0.5461409395973155 0.814875296912114 0.007969798657718121 0.010985748218527316
171 0.600356543624161 0.8013657957244655 0.009437919463087249 0.007125890736342043
171 0.6006711409395973 0.7581650831353919 0.007550335570469799 0.008016627078384799
171 0.6008808724832215 0.7160035629453682 0.007130872483221477 0.0086104513064133
171 0.6085360738255033 0.6941805225653207 0.003984899328859061 0.010095011876484561
171 0.5568372483221476 0.6956650831353919 0.007969798657718121 0.011282660332541567
171 0.6005662751677853 0.6567695961995249 0.0065016778523489934 0.010688836104513063
171 0.6016149328859061 0.6058491686460807 0.009437919463087249 0.01157957244655582
171 0.6010906040268457 0.5409738717339667 0.013842281879194632 0.012470308788598575
171 0.6008808724832215 0.3996437054631829 0.010067114093959731 0.009501187648456057
38 0.6687290268456376 0.397416864608076 0.00776006711409396 0.014548693586698337
38 0.618498322147651 0.39875296912114017 0.007969798657718121 0.008907363420427554
38 0.6195469798657718 0.3353622327790974 0.008808724832214765 0.010985748218527316
38 0.6688338926174496 0.3353622327790974 0.010067114093959731 0.013954869358669833
38 0.6695679530201343 0.271229216152019 0.008598993288590604 0.012767220902612826
38 0.6189177852348994 0.27167458432304037 0.006711409395973154 0.009501187648456057
38 0.6687290268456376 0.20902612826603326 0.00776006711409396 0.010095011876484561
38 0.6196518456375839 0.208729216152019 0.008179530201342282 0.009501187648456057
38 0.649748322147651 0.14593230403800475 0.008808724832214765 0.014548693586698337
38 0.6204907718120806 0.14415083135391923 0.008598993288590604 0.009204275534441805
94 0.6540478187919463 0.10020783847980998 0.010276845637583893 0.014548693586698337
94 0.5824244966442953 0.08744061757719715 0.008389261744966443 0.0056413301662707836
171 0.6010906040268457 0.14088479809976248 0.00964765100671141 0.010391923990498812
171 0.598888422818792 0.20576009501187648 0.008179530201342282 0.009501187648456057
171 0.5996224832214765 0.27152612826603323 0.01174496644295302 0.013954869358669833
171 0.5994127516778524 0.334916864608076 0.007130872483221477 0.010095011876484561
94 0.5571518456375839 0.24866389548693588 0.0065016778523489934 0.014548693586698337
30 0.592386744966443 0.46823040380047504 0.0065016778523489934 0.00831353919239905
30 0.6199664429530202 0.46823040380047504 0.007550335570469799 0.010095011876484561
30 0.6447147651006712 0.4701603325415677 0.009228187919463088 0.008016627078384799
30 0.6685192953020134 0.46823040380047504 0.008179530201342282 0.011282660332541567
94 0.6873951342281879 0.4392814726840855 0.006082214765100671 0.014548693586698337
95 0.6017197986577181 0.46526128266033256 0.01174496644295302 0.010095011876484561
95 0.6015100671140939 0.48530285035629456 0.00964765100671141 0.009204275534441805
94 0.6878145973154363 0.25994655581947745 0.007340604026845637 0.012173396674584324
38 0.6208053691275168 0.5391923990498813 0.010067114093959731 0.011876484560570071
38 0.6683095637583892 0.5405285035629454 0.010276845637583893 0.01157957244655582
38 0.6695679530201343 0.6070368171021377 0.008598993288590604 0.010985748218527316
38 0.6192323825503355 0.6079275534441805 0.007340604026845637 0.007422802850356294
38 0.6192323825503355 0.6579572446555819 0.007340604026845637 0.008907363420427554
38 0.6682046979865772 0.6575118764845606 0.00964765100671141 0.012173396674584324
94 0.6857172818791947 0.6353919239904988 0.006082214765100671 0.013064133016627079
275 0.5919672818791947 0.6762173396674585 0.00776006711409396 0.0086104513064133
30 0.5859899328859061 0.6693883610451307 0.008389261744966443 0.008016627078384799
38 0.6192323825503355 0.7155581947743468 0.007340604026845637 0.009501187648456057
38 0.6192323825503355 0.7586104513064132 0.010276845637583893 0.010095011876484561
37 0.6202810402684564 0.7998812351543944 0.009437919463087249 0.010095011876484561
94 0.6440855704697986 0.7811757719714965 0.00964765100671141 0.013064133016627079
38 0.66935822147651 0.7167458432304038 0.007340604026845637 0.010095011876484561
171 0.6585570469798657 0.6938836104513064 0.009228187919463088 0.010688836104513063
171 0.49433724832214765 0.6949228028503563 0.004614093959731544 0.01157957244655582
95 0.45679530201342283 0.6729513064133017 0.007550335570469799 0.012173396674584324
95 0.47168624161073824 0.6782957244655582 0.006711409395973154 0.012767220902612826
171 0.4391778523489933 0.713479809976247 0.008389261744966443 0.009501187648456057
171 0.40813758389261745 0.7379750593824228 0.009228187919463088 0.012173396674584324