185 0.04697986577181208 0.19373515439429928 0.013842281879194632 0.01336104513064133
186 0.10234899328859061 0.15795724465558195 0.013003355704697987 0.012470308788598575
187 0.1261535234899329 0.15201900237529692 0.016149328859060404 0.013657957244655582
188 0.29330956375838924 0.18319477434679335 0.013213087248322148 0.013657957244655582
191 0.12961409395973153 0.24732779097387173 0.011325503355704697 0.013064133016627079
192 0.15960570469798657 0.24569477434679335 0.012583892617449664 0.010985748218527316
193 0.19463087248322147 0.24628859857482185 0.011325503355704697 0.010985748218527316
194 0.21654781879194632 0.24762470308788598 0.010696308724832215 0.009501187648456057
184 0.24475671140939598 0.24554631828978624 0.011325503355704697 0.010688836104513063
195 0.2711828859060403 0.2471793349168646 0.01174496644295302 0.01157957244655582
196 0.3011744966442953 0.2465855106888361 0.013422818791946308 0.01157957244655582
197 0.33483640939597314 0.24628859857482185 0.013213087248322148 0.012173396674584324
198 0.3555998322147651 0.25950118764845603 0.01153523489932886 0.013064133016627079
199 0.4044672818791946 0.24213182897862232 0.011115771812080536 0.01157957244655582
190 0.4834312080536913 0.26113420427553447 0.012583892617449664 0.012767220902612826
200 0.08357802013422819 0.31116389548693585 0.013213087248322148 0.008907363420427554
201 0.11713506711409397 0.30092042755344417 0.012793624161073826 0.01157957244655582
202 0.1454488255033557 0.29275534441805223 0.012793624161073826 0.010688836104513063
203 0.2063758389261745 0.2940914489311164 0.011325503355704697 0.010985748218527316
204 0.23238255033557048 0.2952790973871734 0.01174496644295302 0.01157957244655582
205 0.2883808724832215 0.2980997624703088 0.011325503355704697 0.011876484560570071
206 0.3550755033557047 0.3141330166270784 0.012583892617449664 0.010095011876484561
208 0.15803271812080538 0.32704869358669836 0.00985738255033557 0.010391923990498812
207 0.10769714765100671 0.3503562945368171 0.010276845637583893 0.010095011876484561
216 0.10161493288590603 0.3882125890736342 0.010276845637583893 0.009204275534441805
217 0.15719379194630873 0.3607482185273159 0.010696308724832215 0.009501187648456057
218 0.15834731543624161 0.4060273159144893 0.010486577181208054 0.010391923990498812
220 0.16128355704697986 0.4472980997624703 0.00964765100671141 0.010391923990498812
221 0.18729026845637584 0.46140142517814725 0.01174496644295302 0.010688836104513063
223 0.2113045302013423 0.4769893111638955 0.011954697986577181 0.010391923990498812
225 0.23783557046979867 0.49153800475059384 0.01174496644295302 0.01157957244655582
226 0.26625419463087246 0.5051959619952494 0.010276845637583893 0.010391923990498812
227 0.31617030201342283 0.516478622327791 0.01363255033557047 0.010985748218527316
228 0.32424496644295303 0.4821852731591449 0.01174496644295302 0.010095011876484561
229 0.3498322147651007 0.44254750593824227 0.01174496644295302 0.009798099762470308
224 0.26919043624161076 0.4489311163895487 0.00985738255033557 0.009501187648456057
222 0.2455956375838926 0.39919833729216153 0.010906040268456376 0.010985748218527316
219 0.190121644295302 0.37692992874109266 0.010276845637583893 0.010391923990498812
209 0.19851090604026847 0.33669833729216153 0.01153523489932886 0.010688836104513063
210 0.22766359060402686 0.34367577197149646 0.01153523489932886 0.010391923990498812
211 0.2719169463087248 0.3567399049881235 0.009437919463087249 0.009798099762470308
212 0.30033557046979864 0.3623812351543943 0.010486577181208054 0.01157957244655582
213 0.3485738255033557 0.39415083135391926 0.013422818791946308 0.012173396674584324
214 0.3760486577181208 0.36906175771971494 0.010906040268456376 0.011876484560570071
215 0.4240771812080537 0.36223277909738716 0.012583892617449664 0.010688836104513063
189 0.5415268456375839 0.2654394299287411 0.011325503355704697 0.010095011876484561