275 0.42606963087248323 0.29631828978622327 0.008598993288590604 0.008907363420427554
324 0.19630872483221476 0.2459916864608076 0.012164429530201342 0.01157957244655582
324 0.2855494966442953 0.23693586698337293 0.00776006711409396 0.009501187648456057
324 0.333368288590604 0.21763657957244656 0.011115771812080536 0.010095011876484561
324 0.3679739932885906 0.23842042755344417 0.008179530201342282 0.013657957244655582
324 0.4071937919463087 0.24777315914489312 0.012793624161073826 0.009204275534441805
324 0.4886744966442953 0.24836698337292162 0.01174496644295302 0.009204275534441805
324 0.09951761744966443 0.24777315914489312 0.008179530201342282 0.009204275534441805
324 0.07088926174496644 0.3254156769596199 0.006291946308724832 0.013064133016627079
324 0.09312080536912752 0.40632422802850354 0.012583892617449664 0.012173396674584324
275 0.17921560402684564 0.33758907363420426 0.008179530201342282 0.009501187648456057
10 0.1136744966442953 0.25014845605700714 0.00964765100671141 0.0086104513064133
308 0.1256291946308725 0.24124109263657958 0.007969798657718121 0.012173396674584324
307 0.12541946308724833 0.19863420427553444 0.007550335570469799 0.013657957244655582
10 0.2628984899328859 0.24703087885985747 0.00776006711409396 0.00831353919239905
10 0.4563758389261745 0.24955463182897863 0.010906040268456376 0.01157957244655582
324 0.5502307046979866 0.2694477434679335 0.009437919463087249 0.01336104513064133
10 0.574244966442953 0.31057007125890734 0.008389261744966443 0.009501187648456057
324 0.5675335570469798 0.3441211401425178 0.007130872483221477 0.012470308788598575
10 0.5733011744966443 0.4122624703087886 0.010276845637583893 0.012173396674584324
307 0.5902894295302014 0.40736342042755347 0.010696308724832215 0.008907363420427554
323 0.4581585570469799 0.354958432304038 0.010276845637583893 0.009204275534441805
7 0.4390729865771812 0.38494655581947745 0.008179530201342282 0.009798099762470308
10 0.3889471476510067 0.351395486935867 0.008179530201342282 0.008016627078384799
7 0.4394924496644295 0.29839667458432306 0.008598993288590604 0.010688836104513063
324 0.46791107382550334 0.2844418052256532 0.0050335570469798654 0.013064133016627079
323 0.4800755033557047 0.4643705463182898 0.010067114093959731 0.009501187648456057
324 0.511640100671141 0.5464667458432304 0.0065016778523489934 0.012767220902612826
324 0.5095427852348994 0.5948634204275535 0.00776006711409396 0.01157957244655582
324 0.5056627516778524 0.6165380047505938 0.008389261744966443 0.0086104513064133
324 0.45679530201342283 0.6361342042755345 0.010906040268456376 0.007422802850356294
324 0.44536493288590606 0.5671021377672208 0.009018456375838927 0.007719714964370546
280 0.26426174496644295 0.5671021377672208 0.009228187919463088 0.007719714964370546
280 0.34028942953020136 0.5675475059382423 0.00985738255033557 0.0086104513064133
280 0.20899748322147652 0.5681413301662708 0.011115771812080536 0.010391923990498812
285 0.14586828859060402 0.5671021377672208 0.011954697986577181 0.009501187648456057
280 0.14481963087248323 0.3469418052256532 0.00985738255033557 0.009204275534441805
7 0.1493288590604027 0.36505344418052255 0.006711409395973154 0.009798099762470308
7 0.18173238255033558 0.36327197149643703 0.008598993288590604 0.01157957244655582
324 0.12384647651006711 0.5149940617577197 0.0065016778523489934 0.013954869358669833
324 0.15121644295302014 0.5083135391923991 0.011325503355704697 0.009501187648456057
324 0.14303691275167785 0.6021377672209026 0.010067114093959731 0.008907363420427554
76 0.12269295302013423 0.588479809976247 0.007130872483221477 0.011876484560570071
323 0.21371644295302014 0.41879453681710216 0.007130872483221477 0.01157957244655582
323 0.3039010067114094 0.4168646080760095 0.00587248322147651 0.014251781472684086
323 0.39523909395973156 0.42131828978622327 0.006082214765100671 0.016033254156769598
275 0.24412751677852348 0.3234857482185273 0.008808724832214765 0.0086104513064133
275 0.29666526845637586 0.30596793349168644 0.00985738255033557 0.0086104513064133
275 0.38244546979865773 0.3727731591448931 0.009437919463087249 0.007422802850356294
7 0.24580536912751677 0.34723871733966744 0.007969798657718121 0.01157957244655582
7 0.3691275167785235 0.39548693586698336 0.0050335570469798654 0.010688836104513063
7 0.38192114093959734 0.5051959619952494 0.007969798657718121 0.010391923990498812
275 0.38496224832214765 0.48203681710213775 0.009018456375838927 0.010391923990498812
285 0.3938758389261745 0.5676959619952494 0.008808724832214765 0.009501187648456057
77 0.3261325503355705 0.5769002375296912 0.006291946308724832 0.010095011876484561
76 0.390625 0.5761579572446556 0.007340604026845637 0.010391923990498812
77 0.19138003355704697 0.5757125890736342 0.00776006711409396 0.010688836104513063
325 0.29729446308724833 0.6247030878859857 0.00776006711409396 0.0059382422802850355
324 0.5540058724832215 0.4498218527315915 0.005662751677852349 0.010688836104513063
7 0.29551174496644295 0.331353919239905 0.007130872483221477 0.010095011876484561
275 0.37185402684563756 0.2749406175771972 0.008808724832214765 0.010095011876484561
7 0.3579068791946309 0.27731591448931114 0.007340604026845637 0.010688836104513063
7 0.4540687919463087 0.49287410926365793 0.007969798657718121 0.011282660332541567