288 0.20853115727002966 0.10035654362416108 0.007863501483679525 0.009018456375838927
286 0.26683976261127595 0.10360738255033557 0.0072700296735905045 0.00587248322147651
286 0.3291543026706231 0.10224412751677853 0.0063798219584569734 0.009437919463087249
286 0.38983679525222553 0.10161493288590603 0.0072700296735905045 0.009018456375838927
286 0.4408753709198813 0.10245385906040269 0.0075667655786350145 0.009018456375838927
280 0.20571216617210683 0.1686241610738255 0.008456973293768546 0.007550335570469799
280 0.20497032640949556 0.24926593959731544 0.006973293768545994 0.007340604026845637
280 0.20556379821958456 0.31638003355704697 0.0057863501483679525 0.00776006711409396
280 0.2045252225519288 0.3616820469798658 0.007863501483679525 0.006082214765100671
280 0.20556379821958456 0.4417994966442953 0.0051928783382789315 0.006921140939597316
280 0.2064540059347181 0.4871015100671141 0.006973293768545994 0.006082214765100671
285 0.2810830860534125 0.4854236577181208 0.008456973293768546 0.00776006711409396
285 0.3560830860534125 0.485633389261745 0.006231454005934718 0.0065016778523489934
275 0.35155786350148366 0.40132130872483224 0.006973293768545994 0.0065016778523489934
275 0.35229970326409493 0.3155411073825503 0.0060830860534124625 0.00776006711409396
275 0.35140949554896145 0.20826342281879195 0.0060830860534124625 0.007969798657718121
280 0.4990356083086053 0.19976929530201343 0.009347181008902077 0.00985738255033557
275 0.49718100890207717 0.27380453020134227 0.00830860534124629 0.009018456375838927
275 0.4984421364985163 0.29603607382550334 0.0057863501483679525 0.008179530201342282
275 0.49829376854599405 0.3369337248322148 0.0066765578635014835 0.006921140939597316
275 0.4984421364985163 0.3572776845637584 0.0075667655786350145 0.009018456375838927
280 0.4985905044510386 0.4315226510067114 0.0066765578635014835 0.008598993288590604
285 0.4063056379821958 0.4858431208053691 0.008753709198813056 0.008598993288590604
286 0.5011127596439169 0.10224412751677853 0.006973293768545994 0.00776006711409396
286 0.5595697329376854 0.10161493288590603 0.006973293768545994 0.0065016778523489934