31 0.24968540268456377 0.10881828978622328 0.01153523489932886 0.024049881235154395
31 0.2425545302013423 0.16701306413301661 0.012793624161073826 0.018705463182897862
35 0.2846057046979866 0.11045130641330166 0.010906040268456376 0.015439429928741092
35 0.3679739932885906 0.11074821852731591 0.011954697986577181 0.016033254156769598
32 0.33630453020134227 0.11015439429928742 0.012374161073825503 0.016033254156769598
36 0.3049496644295302 0.11223277909738717 0.010486577181208054 0.014251781472684086
235 0.3944001677852349 0.1404394299287411 0.014471476510067114 0.013657957244655582
32 0.38370385906040266 0.15780878859857483 0.01153523489932886 0.017517814726840854
36 0.3850671140939597 0.2013064133016627 0.012164429530201342 0.015439429928741092
35 0.3834941275167785 0.24153800475059384 0.011115771812080536 0.012767220902612826
235 0.2407718120805369 0.21823040380047506 0.014681208053691275 0.010095011876484561
35 0.2407718120805369 0.23381828978622327 0.012583892617449664 0.010391923990498812
32 0.24328859060402686 0.2589073634204275 0.013003355704697987 0.015439429928741092
95 0.24863674496644295 0.291270783847981 0.00776006711409396 0.015439429928741092
31 0.27002936241610737 0.26365795724465557 0.012793624161073826 0.013657957244655582
35 0.29708473154362414 0.2620249406175772 0.011115771812080536 0.01336104513064133
35 0.3271812080536913 0.26336104513064135 0.011325503355704697 0.015439429928741092
32 0.28418624161073824 0.1530581947743468 0.010906040268456376 0.015736342042755345
32 0.3157508389261745 0.15558194774346792 0.01153523489932886 0.011876484560570071
32 0.34689597315436244 0.15587885985748218 0.010486577181208054 0.014845605700712588
235 0.322881711409396 0.14207244655581946 0.014471476510067114 0.010391923990498812
32 0.28523489932885904 0.19848574821852732 0.011325503355704697 0.017517814726840854
36 0.3141778523489933 0.19700118764845606 0.01174496644295302 0.01811163895486936
36 0.3460570469798658 0.1972980997624703 0.01552013422818792 0.017517814726840854
36 0.3182676174496644 0.2975059382422803 0.011115771812080536 0.015439429928741092
36 0.38800335570469796 0.30314726840855105 0.010906040268456376 0.016033254156769598
31 0.31711409395973156 0.3274940617577197 0.011325503355704697 0.014845605700712588
32 0.29750419463087246 0.351395486935867 0.014052013422818792 0.017517814726840854
235 0.29341442953020136 0.3041864608076009 0.016778523489932886 0.010391923990498812
32 0.3934563758389262 0.34827790973871736 0.01552013422818792 0.0172209026128266
235 0.3974412751677852 0.28859857482185275 0.015100671140939598 0.010095011876484561