90 0.41730997624703087 0.17401343408900083 0.009798099762470308 0.017212426532325777
90 0.4565023752969121 0.1759026028547439 0.01157957244655582 0.022670025188916875
90 0.5804631828978623 0.2174643157010915 0.011282660332541567 0.015113350125944584
90 0.4547209026128266 0.21557514693534843 0.009204275534441805 0.0163727959697733
90 0.4165676959619953 0.218303946263644 0.011282660332541567 0.01343408900083963
90 0.415083135391924 0.3446683459277918 0.013064133016627079 0.014273719563392108
90 0.45679928741092635 0.3427791771620487 0.010985748218527316 0.015533165407220823
90 0.5809085510688836 0.34445843828715367 0.010985748218527316 0.015533165407220823
90 0.578978622327791 0.46893366918555834 0.009501187648456057 0.017632241813602016
90 0.4547209026128266 0.4693534844668346 0.007422802850356294 0.017632241813602016
90 0.36906175771971494 0.4704030226700252 0.012470308788598575 0.012174643157010915
90 0.36891330166270786 0.5251889168765743 0.0086104513064133 0.015113350125944584
90 0.45561163895486934 0.5325356842989085 0.009798099762470308 0.013853904282115869
90 0.580166270783848 0.5340050377833753 0.010688836104513063 0.01343408900083963
170 0.42102137767220904 0.20004198152812763 0.012470308788598575 0.011335012594458438
170 0.45961995249406173 0.1996221662468514 0.015439429928741092 0.010495382031905962
170 0.5844714964370546 0.2458018471872376 0.020486935866983372 0.015533165407220823
170 0.4581353919239905 0.3688077246011755 0.013657957244655582 0.013014273719563391
170 0.42131828978622327 0.3692275398824517 0.015439429928741092 0.013853904282115869
170 0.5846199524940617 0.3688077246011755 0.015439429928741092 0.014693534844668345
170 0.5829869358669834 0.49475230898404704 0.016330166270783847 0.013014273719563391
170 0.4584323040380047 0.49643157010915195 0.019002375296912115 0.011335012594458438
170 0.3732185273159145 0.4968513853904282 0.016033254156769598 0.010495382031905962
170 0.37351543942992876 0.5518471872376155 0.015439429928741092 0.010495382031905962
170 0.4584323040380047 0.5575146935348446 0.019002375296912115 0.016792611251049538
170 0.5834323040380047 0.5577246011754828 0.0166270783847981 0.013014273719563391
91 0.44418052256532065 0.6280436607892528 0.010095011876484561 0.01343408900083963
91 0.478770783847981 0.628463476070529 0.010391923990498812 0.01343408900083963
91 0.5129156769596199 0.6290931989924433 0.009798099762470308 0.014693534844668345
91 0.5480997624703088 0.6303526448362721 0.008907363420427554 0.012174643157010915
91 0.5822446555819477 0.6269941225860621 0.014845605700712588 0.017212426532325777
85 0.5978325415676959 0.6469353484466834 0.01336104513064133 0.01343408900083963
85 0.5979809976247031 0.6704450041981528 0.015439429928741092 0.01343408900083963
85 0.6006532066508313 0.7067590260285475 0.014845605700712588 0.013014273719563391
91 0.5858076009501187 0.6960537363560033 0.010095011876484561 0.012594458438287154
54 0.4538301662707839 0.6160789252728799 0.008016627078384799 0.010495382031905962
54 0.48842042755344417 0.614399664147775 0.00831353919239905 0.009655751469353484
54 0.5240498812351544 0.6158690176322418 0.010688836104513063 0.012594458438287154
54 0.5587885985748219 0.6152392947103275 0.008907363420427554 0.010495382031905962
54 0.5933788598574822 0.6135600335852225 0.007422802850356294 0.013014273719563391
88 0.4523456057007126 0.6824097397145256 0.010391923990498812 0.009655751469353484
84 0.45308788598574823 0.6929051217464316 0.010688836104513063 0.010495382031905962
84 0.4867874109263658 0.6945843828715366 0.009204275534441805 0.009655751469353484
84 0.521229216152019 0.6943744752308985 0.010985748218527316 0.010075566750629723
88 0.5207838479809976 0.681360201511335 0.011876484560570071 0.011754827875734676
88 0.48649049881235157 0.6817800167926112 0.009798099762470308 0.008396305625524769
346 0.5598277909738717 0.7355163727959698 0.010985748218527316 0.009235936188077247
89 0.5607185273159145 0.7479009235936188 0.01336104513064133 0.012174643157010915
85 0.5369655581947743 0.6981528127623845 0.008016627078384799 0.017632241813602016