323 0.17299703264094957 0.1606543624161074 0.006231454005934718 0.016359060402684564
323 0.2102373887240356 0.15876677852348994 0.00771513353115727 0.01174496644295302
323 0.24821958456973295 0.1589765100671141 0.00830860534124629 0.013003355704697987
323 0.28679525222551927 0.15918624161073824 0.00771513353115727 0.010906040268456376
323 0.3289317507418398 0.16023489932885907 0.006528189910979229 0.013842281879194632
34 0.32759643916913944 0.18330536912751677 0.006824925816023739 0.010486577181208054
34 0.2986646884272997 0.18414429530201343 0.005934718100890208 0.011325503355704697
34 0.270919881305638 0.18540268456375839 0.008011869436201781 0.00964765100671141
34 0.2486646884272997 0.18393456375838926 0.005637982195845697 0.008389261744966443
34 0.22833827893175074 0.18624161073825504 0.007121661721068249 0.008808724832214765
34 0.19391691394658753 0.18498322147651006 0.005934718100890208 0.007130872483221477
34 0.16409495548961425 0.18330536912751677 0.00741839762611276 0.007969798657718121
286 0.08011869436201781 0.3636744966442953 0.008605341246290801 0.007969798657718121
286 0.07789317507418397 0.3804530201342282 0.006528189910979229 0.008808724832214765
286 0.09317507418397626 0.39555369127516776 0.006231454005934718 0.007969798657718121
30 0.0599406528189911 0.41065436241610737 0.005044510385756677 0.007969798657718121
30 0.06617210682492582 0.41317114093959734 0.006231454005934718 0.008808724832214765
323 0.06142433234421365 0.4284815436241611 0.009792284866468843 0.007550335570469799
286 0.07344213649851632 0.4364513422818792 0.006528189910979229 0.00587248322147651
280 0.2534124629080119 0.5882969798657718 0.005637982195845697 0.010067114093959731
285 0.30089020771513353 0.5914429530201343 0.006824925816023739 0.00964765100671141
280 0.3178041543026706 0.5910234899328859 0.006231454005934718 0.00964765100671141
323 0.31305637982195844 0.6140939597315436 0.008011869436201781 0.007969798657718121
323 0.3327893175074184 0.6199664429530202 0.006528189910979229 0.010486577181208054
323 0.335459940652819 0.62751677852349 0.010089020771513354 0.007969798657718121
323 0.3333827893175074 0.6501677852348994 0.005341246290801187 0.010486577181208054
323 0.3514836795252225 0.6505872483221476 0.006528189910979229 0.00964765100671141
323 0.3504451038575668 0.6237416107382551 0.006231454005934718 0.008808724832214765
323 0.33264094955489615 0.5971057046979866 0.005637982195845697 0.007550335570469799
323 0.3513353115727003 0.5899748322147651 0.005044510385756677 0.010067114093959731
323 0.3672106824925816 0.587248322147651 0.005934718100890208 0.010486577181208054
323 0.38204747774480713 0.5901845637583892 0.005934718100890208 0.00964765100671141
323 0.40801186943620177 0.5893456375838926 0.006231454005934718 0.010486577181208054
323 0.43293768545994066 0.5899748322147651 0.006231454005934718 0.010906040268456376
323 0.458160237388724 0.5903942953020134 0.006231454005934718 0.01174496644295302
323 0.47774480712166173 0.589765100671141 0.00741839762611276 0.011325503355704697
323 0.3937685459940653 0.6138842281879194 0.006824925816023739 0.008389261744966443
323 0.45103857566765576 0.6134647651006712 0.006824925816023739 0.010067114093959731
323 0.4497032640949555 0.5648070469798657 0.007121661721068249 0.010067114093959731
323 0.3885756676557863 0.5658557046979866 0.009495548961424332 0.008808724832214765
323 0.34777448071216616 0.5492869127516778 0.005044510385756677 0.009228187919463088
323 0.3317507418397626 0.5268456375838926 0.009198813056379823 0.007969798657718121
323 0.33486646884272997 0.48804530201342283 0.005341246290801187 0.006711409395973154
323 0.33560830860534124 0.45574664429530204 0.006824925816023739 0.006711409395973154
323 0.3353115727002967 0.42554530201342283 0.006231454005934718 0.008389261744966443
323 0.3364985163204748 0.6713506711409396 0.006231454005934718 0.008389261744966443
323 0.3364985163204748 0.6854026845637584 0.006824925816023739 0.007969798657718121
178 0.24584569732937686 0.5633389261744967 0.004747774480712166 0.007130872483221477
178 0.278486646884273 0.5639681208053692 0.005341246290801187 0.00587248322147651
178 0.30608308605341245 0.5654362416107382 0.006528189910979229 0.007130872483221477
178 0.24851632047477745 0.49538590604026844 0.005934718100890208 0.007130872483221477
178 0.21824925816023738 0.4966442953020134 0.004747774480712166 0.006291946308724832
178 0.19362017804154302 0.4962248322147651 0.005934718100890208 0.007130872483221477
178 0.14050445103857567 0.49601510067114096 0.007121661721068249 0.006711409395973154
178 0.10623145400593471 0.48049496644295303 0.004451038575667656 0.006711409395973154
178 0.11112759643916914 0.4477768456375839 0.00771513353115727 0.010906040268456376
178 0.11602373887240357 0.4133808724832215 0.006824925816023739 0.010067114093959731
178 0.10192878338278932 0.33305369127516776 0.005341246290801187 0.007969798657718121
178 0.11543026706231455 0.33578020134228187 0.005637982195845697 0.007550335570469799
178 0.11335311572700296 0.26174496644295303 0.005044510385756677 0.006291946308724832
178 0.12492581602373887 0.2663590604026846 0.006231454005934718 0.007969798657718121
178 0.10771513353115728 0.2946728187919463 0.005044510385756677 0.006711409395973154
178 0.1225519287833828 0.29949664429530204 0.00741839762611276 0.010486577181208054
178 0.13219584569732937 0.2294463087248322 0.006528189910979229 0.008808724832214765
178 0.11943620178041543 0.23070469798657717 0.007121661721068249 0.007969798657718121
178 0.14332344213649853 0.21686241610738255 0.006231454005934718 0.006291946308724832
178 0.16246290801186944 0.21476510067114093 0.005341246290801187 0.007969798657718121
178 0.1959940652818991 0.2156040268456376 0.007121661721068249 0.007969798657718121
179 0.19020771513353116 0.2225251677852349 0.005044510385756677 0.0050335570469798654
179 0.2172106824925816 0.22525167785234898 0.006824925816023739 0.007130872483221477
179 0.25415430267062317 0.22483221476510068 0.006528189910979229 0.007969798657718121
179 0.2777448071216617 0.22483221476510068 0.008011869436201781 0.007969798657718121
178 0.3040059347181009 0.2156040268456376 0.007121661721068249 0.00964765100671141
178 0.3317507418397626 0.21623322147651006 0.006824925816023739 0.007550335570469799
180 0.3318991097922849 0.22755872483221476 0.00771513353115727 0.010067114093959731
178 0.31572700296735906 0.22399328859060402 0.005044510385756677 0.006291946308724832
178 0.31543026706231453 0.26824664429530204 0.006231454005934718 0.010067114093959731
180 0.33264094955489615 0.2646812080536913 0.005044510385756677 0.00964765100671141
180 0.3324925816023739 0.29551174496644295 0.006528189910979229 0.010906040268456376
180 0.328486646884273 0.3074664429530201 0.005637982195845697 0.006291946308724832
178 0.3155786350148368 0.29949664429530204 0.007121661721068249 0.007969798657718121
180 0.3149851632047478 0.3351510067114094 0.00830860534124629 0.007130872483221477
180 0.313946587537092 0.3777265100671141 0.004451038575667656 0.010906040268456376
180 0.3142433234421365 0.4089765100671141 0.006824925816023739 0.007969798657718121
178 0.31513353115727005 0.444001677852349 0.00741839762611276 0.007550335570469799
178 0.3155786350148368 0.46854026845637586 0.005341246290801187 0.007969798657718121
275 0.2835311572700297 0.4551174496644295 0.00830860534124629 0.00964765100671141
275 0.28041543026706234 0.40708892617449666 0.008011869436201781 0.009228187919463088
275 0.28026706231454007 0.3622063758389262 0.00771513353115727 0.008389261744966443
275 0.2823442136498516 0.3299077181208054 0.006528189910979229 0.009228187919463088
275 0.28219584569732936 0.2913171140939597 0.008011869436201781 0.008389261744966443
275 0.22833827893175074 0.3273909395973154 0.008902077151335312 0.008389261744966443
275 0.24584569732937686 0.38317953020134227 0.007121661721068249 0.006711409395973154
275 0.2451038575667656 0.4276426174496644 0.00741839762611276 0.008389261744966443
275 0.18575667655786351 0.41925335570469796 0.006824925816023739 0.008389261744966443
275 0.18813056379821957 0.38569630872483224 0.006824925816023739 0.010067114093959731
179 0.19213649851632048 0.4112835570469799 0.007121661721068249 0.007550335570469799
275 0.1870919881305638 0.3263422818791946 0.00771513353115727 0.007969798657718121
275 0.1884272997032641 0.2623741610738255 0.006231454005934718 0.010067114093959731