28 0.179687 0.185938 0.0593749 0.0718751
28 0.375 0.207813 0.06875 0.0624999
28 0.442187 0.21875 0.075 0.0593752
28 0.653906 0.208594 0.0609376 0.0609375
28 0.711719 0.21875 0.0671877 0.0656249
28 0.892188 0.210938 0.059375 0.053125
28 0.963281 0.221875 0.0640625 0.0625
28 0.917187 0.578906 0.0843748 0.0859375
28 0.73125 0.5875 0.06875 0.071875
28 0.807031 0.598438 0.0671877 0.059375
28 0.440625 0.589844 0.08125 0.0640625
28 0.522656 0.605469 0.0796875 0.0640625
28 0.188281 0.607812 0.0859375 0.0624998
29 0.18125 0.309375 0.08125 0.075
29 0.475 0.322656 0.0874998 0.0703125
29 0.717969 0.323438 0.0671877 0.065625
29 0.967969 0.321094 0.0734373 0.0640627
