28 0.0242187 0.21875 0.0671877 0.0656249
28 0.204688 0.210938 0.059375 0.053125
28 0.275781 0.221875 0.0640625 0.0625
28 0.453125 0.207813 0.0562502 0.0624999
28 0.520313 0.216406 0.0624998 0.0671874
28 0.692187 0.198437 0.0687498 0.0718748
28 0.765625 0.214063 0.0531248 0.0781249
28 0.921875 0.2 0.0718752 0.0625
28 0.744531 0.578906 0.0953124 0.0796875
28 0.839062 0.598438 0.0781252 0.08125
28 0.498437 0.584375 0.065625 0.0749998
28 0.574219 0.596875 0.0765625 0.06875
28 0.229687 0.578906 0.0843748 0.0859375
28 0.307812 0.596094 0.0749998 0.0796875
28 0.04375 0.5875 0.06875 0.071875
28 0.119531 0.598438 0.0671877 0.059375
29 0.0304688 0.323438 0.0671877 0.065625
29 0.280469 0.321094 0.0734373 0.0640627
29 0.525 0.319531 0.0718752 0.0609375
29 0.790625 0.328125 0.075 0.075
29 0.926563 0.415625 0.08125 0.075
