181 0.0726563 0.217969 0.0609375 0.0421876
181 0.211719 0.230469 0.0578125 0.0578125
181 0.335938 0.228125 0.0625 0.0593751
52 0.4 0.0578125 0.0531249 0.05625
53 0.0976562 0.503125 0.0421875 0.053125
181 0.275 0.404687 0.084375 0.065625
181 0.439063 0.403125 0.0781249 0.053125
181 0.223438 0.669531 0.05625 0.0453123
181 0.492187 0.6375 0.0749999 0.04375
52 0.346094 0.504688 0.0578126 0.05
233 0.346875 0.671875 0.0906251 0.04375
285 0.898438 0.953906 0.103125 0.0578125
275 0.860156 0.053125 0.0953126 0.0687501
