244 0.113281 0.139844 0.0796875 0.0515626
244 0.553906 0.128906 0.0921875 0.0578126
181 0.16875 0.213281 0.0625 0.0453125
181 0.0984375 0.420313 0.071875 0.053125
181 0.558594 0.414062 0.0796876 0.05
181 0.636719 0.220313 0.0546876 0.0562501
53 0.0257812 0.310156 0.0421875 0.0453125
52 0.471875 0.322656 0.0656251 0.0734376
181 0.109375 0.63125 0.05625 0.05625
181 0.199219 0.639063 0.0453125 0.05625
181 0.303906 0.648437 0.0484374 0.0531249
181 0.0726563 0.905469 0.0609375 0.0421876
181 0.211719 0.917969 0.0578125 0.0578125
181 0.335938 0.915625 0.0625 0.0593751
52 0.4 0.745313 0.0531249 0.05625
275 0.860156 0.740625 0.0953126 0.0687501
280 0.878906 0.3 0.101562 0.08125
