307 0.807813 0.0710938 0.109375 0.0734375
307 0.242969 0.146875 0.110938 0.05625
307 0.0664063 0.366406 0.0515623 0.0984375
78 0.214062 0.446875 0.0843748 0.0531249
78 0.21875 0.800781 0.0687498 0.0453124
78 0.420312 0.642187 0.075 0.05
78 0.276563 0.624219 0.053125 0.0734376
78 0.479688 0.722656 0.05 0.0890624
78 0.410937 0.808594 0.096875 0.0453124
52 0.4625 0.417969 0.059375 0.0703125
288 0.89375 0.310156 0.1 0.0609375
75 0.560156 0.966406 0.0734373 0.0484375
280 0.794531 0.541406 0.0828127 0.0453125
