34 0.0414062 0.113281 0.0921875 0.101563
34 0.304688 0.0898438 0.0781252 0.0734375
34 0.0421876 0.389063 0.0624998 0.1
34 0.282031 0.400781 0.0515621 0.0703125
34 0.552344 0.400781 0.0703125 0.0828125
34 0.553125 0.646875 0.084375 0.0875
34 0.136719 0.792187 0.0765627 0.0718751
34 0.0476563 0.65625 0.0796873 0.0625
79 0.128125 0.427344 0.109375 0.0609375
79 0.324219 0.191406 0.0984377 0.0546875
79 0.441406 0.349219 0.0609375 0.104688
79 0.423438 0.620313 0.075 0.09375
79 0.303906 0.673437 0.0953123 0.065625
34 0.392187 0.271094 0.0687498 0.0703125
302 0.5875 0.154687 0.10625 0.071875
246 0.438281 0.972656 0.0984377 0.0703125
