167 0.104687 0.448438 0.0500002 0.078125
167 0.155469 0.6 0.0546875 0.0718751
167 0.352344 0.876562 0.0578125 0.0406249
167 0.342187 0.717188 0.08125 0.0531249
167 0.538281 0.439062 0.0546875 0.071875
167 0.396875 0.3 0.0843748 0.04375
167 0.396094 0.489844 0.0671877 0.0390625
165 0.0335938 0.855469 0.0609377 0.0578124
164 0.0921875 0.866406 0.04375 0.0578125
168 0.133594 0.844531 0.0546875 0.0828125
168 0.221094 0.861719 0.0453127 0.0671874
169 0.0335938 0.286719 0.0671877 0.0640624
164 0.113281 0.711719 0.0578123 0.0640626
165 0.114844 0.36875 0.0609377 0.059375
169 0.520312 0.640625 0.071875 0.0625
164 0.546875 0.725781 0.075 0.0515626
164 0.125 0.971094 0.05 0.0546877
167 0.0648437 0.957031 0.0671877 0.0484375
83 0.473437 0.8125 0.0500002 0.0312499
83 0.469531 0.939844 0.0390627 0.0328125
83 0.65625 0.525781 0.0312498 0.0328125
82 0.671094 0.694531 0.0421875 0.0453124
330 0.367187 0.65 0.13125 0.046875
