230 0.0148437 0.396094 0.0609374 0.0328125
164 0.126563 0.111719 0.0531249 0.0578124
165 0.132031 0.249219 0.0453124 0.0546877
167 0.130469 0.496875 0.0515625 0.0843748
167 0.54375 0.176562 0.0906248 0.0437499
167 0.310156 0.188281 0.0578125 0.0359374
167 0.358594 0.150781 0.0390625 0.0515625
167 0.3125 0.046875 0.071875 0.0624999
167 0.347656 0.352344 0.0484375 0.0703125
167 0.742188 0.427344 0.0562502 0.0796873
167 0.429688 0.638281 0.0875 0.0484375
167 0.957031 0.644531 0.101562 0.0578125
167 0.840625 0.522656 0.0437502 0.0703125
167 0.5375 0.0429688 0.0687498 0.0484375
169 0.253125 0.15 0.059375 0.0531249
169 0.611719 0.303906 0.0796875 0.0578125
165 0.721094 0.167969 0.0609377 0.0578124
164 0.779688 0.178906 0.04375 0.0578124
168 0.821094 0.157031 0.0546875 0.0828125
168 0.908594 0.174219 0.0453126 0.0671874
164 0.800781 0.0242187 0.0578123 0.0640626
164 0.833594 0.438281 0.0578123 0.0609375
164 0.8125 0.283594 0.05 0.0546877
167 0.752344 0.269531 0.0671877 0.0484375
164 0.927344 0.388281 0.0453126 0.0484375
330 0.532031 0.503125 0.148437 0.046875
