167 0.0546876 0.427344 0.0562502 0.0796873
167 0.269531 0.644531 0.101562 0.0578125
167 0.153125 0.522656 0.0437502 0.0703125
167 0.485938 0.326562 0.0437502 0.078125
167 0.352344 0.189062 0.0578125 0.0406249
167 0.342187 0.0296875 0.08125 0.0531249
165 0.0335938 0.167969 0.0609377 0.0578124
164 0.0921875 0.178906 0.04375 0.0578124
168 0.133594 0.157031 0.0546875 0.0828125
168 0.221094 0.174219 0.0453127 0.0671874
164 0.113281 0.0242187 0.0578123 0.0640626
164 0.546875 0.0382813 0.075 0.0515626
164 0.146094 0.438281 0.0578123 0.0609375
164 0.125 0.283594 0.05 0.0546877
167 0.0648437 0.269531 0.0671877 0.0484375
164 0.239844 0.388281 0.0453127 0.0484375
83 0.473437 0.125 0.0500002 0.0312499
83 0.469531 0.252344 0.0390627 0.0328125
83 0.474219 0.557813 0.0390625 0.046875
82 0.607813 0.508594 0.0437502 0.0359375
