74 0.367969 0.458594 0.0515629 0.0546875
246 0.24375 0.382031 0.09375 0.0515625
239 0.244531 0.285937 0.0953125 0.05625
71 0.332812 0.286719 0.065625 0.0578126
130 0.408594 0.298437 0.0359375 0.0687501
338 0.585938 0.3375 0.040625 0.0468751
163 0.675 0.346094 0.0406246 0.0671875
338 0.734375 0.171094 0.0562504 0.0453125
338 0.704688 0.448438 0.0593753 0.040625
338 0.835938 0.369531 0.0343754 0.0421874
163 0.703125 0.550781 0.0812504 0.0453125
240 0.949219 0.371875 0.0578121 0.103125
131 0.078125 0.0554687 0.084375 0.0453125
146 0.303125 0.059375 0.0937496 0.0406251
134 0.411719 0.046875 0.0984371 0.059375
100 0.508594 0.0367188 0.0578122 0.0578126
146 0.627344 0.0546875 0.0796875 0.034375
128 0.853906 0.0507812 0.0734375 0.0578126
51 0.965625 0.516406 0.034375 0.0578126
51 0.952344 0.608594 0.0671871 0.0328125
66 0.642187 0.603906 0.0718746 0.0515625
43 0.765625 0.63125 0.0812496 0.05625
244 0.580469 0.735156 0.0890622 0.0390625
161 0.719531 0.755469 0.0546871 0.0546876
18 0.6 0.827344 0.0687504 0.0546876
43 0.858594 0.804688 0.0640629 0.0593752
129 0.88125 0.704687 0.0812497 0.0499998
335 0.949219 0.771875 0.0859379 0.05625
233 0.947656 0.923438 0.0859379 0.0499999
233 0.760938 0.923438 0.1 0.0562499
80 0.3875 0.911719 0.0437504 0.0609375
80 0.225781 0.601562 0.0828125 0.04375
80 0.0609375 0.903125 0.0375 0.0625
