131 0.871875 0.903125 0.08125 0.0406252
139 0.709375 0.915625 0.1 0.04375
107 0.565625 0.969531 0.065625 0.0546877
146 0.459375 0.907031 0.090625 0.0421873
131 0.18125 0.902344 0.0781252 0.0328123
139 0.0968749 0.95 0.1 0.053125
142 0.113281 0.474219 0.110938 0.0453123
297 0.117188 0.521875 0.109375 0.04375
336 0.316406 0.689063 0.0796873 0.0624998
44 0.510156 0.607031 0.0640625 0.0609373
16 0.672656 0.586719 0.0671875 0.0640627
247 0.659375 0.500781 0.0624996 0.0484375
247 0.864063 0.5 0.065625 0.05625
80 0.499219 0.377344 0.0609375 0.0359375
80 0.903906 0.376563 0.0734375 0.03125
116 0.157813 0.259375 0.075 0.05625
336 0.377344 0.267969 0.0796873 0.0609375
