161 0.0320314 0.0679687 0.0546871 0.0546876
43 0.171094 0.117188 0.0640629 0.0593752
129 0.19375 0.0171875 0.0812496 0.0499998
335 0.261719 0.084375 0.0859379 0.05625
134 0.425781 0.0179688 0.114062 0.0546877
146 0.385938 0.126562 0.05625 0.0874999
233 0.260156 0.235938 0.0859379 0.0499999
233 0.0734377 0.235938 0.1 0.0562499
339 0.0320314 0.455469 0.0546871 0.0390625
24 0.0515627 0.660156 0.0749996 0.0453123
129 0.208594 0.564844 0.0734375 0.0421877
131 0.378125 0.335156 0.053125 0.0703125
131 0.369531 0.64375 0.0359371 0.0625
103 0.411719 0.439062 0.0609379 0.053125
134 0.41875 0.547656 0.109375 0.0515625
146 0.378125 0.882813 0.053125 0.0906252
104 0.40625 0.957812 0.075 0.053125
129 0.2 0.954687 0.0718746 0.04375
233 0.111719 0.739844 0.0671875 0.0421875
233 0.255469 0.732813 0.0828129 0.053125
335 0.176563 0.860938 0.0718746 0.0624998
43 0.0671875 0.988281 0.065625 0.0421875
