146 0.378125 0.195313 0.053125 0.0906252
104 0.40625 0.270312 0.075 0.053125
134 0.420312 0.390625 0.109375 0.059375
128 0.389063 0.653906 0.053125 0.0796879
146 0.386719 0.771875 0.0453121 0.0750002
50 0.264062 0.573437 0.0343754 0.05
50 0.110938 0.628906 0.0375004 0.0609373
50 0.0476562 0.626562 0.0296875 0.0593752
50 0.110937 0.434375 0.065625 0.03125
17 0.207813 0.589844 0.0499996 0.0640627
129 0.2 0.267188 0.0718746 0.04375
233 0.111719 0.0523437 0.0671875 0.0421875
233 0.255469 0.0453125 0.0828129 0.053125
335 0.176563 0.173438 0.0718746 0.0624998
43 0.0671875 0.300781 0.065625 0.0421875
105 0.295313 0.946094 0.0687504 0.0546877
146 0.203906 0.913281 0.0796875 0.0359377
