249 0.216406 0.448438 0.0765625 0.06875
65 0.0945313 0.4875 0.0640625 0.059375
250 0.175781 0.113281 0.0890627 0.0640626
80 0.757031 0.627344 0.0421875 0.0578125
80 0.903906 0.45625 0.0765625 0.04375
80 0.748438 0.215625 0.0375 0.0625
81 0.569531 0.425781 0.0609375 0.0359375
81 0.545313 0.550781 0.059375 0.0296875
81 0.60625 0.49375 0.0375 0.046875
81 0.423438 0.495313 0.059375 0.0593752
162 0.547656 0.241406 0.0578125 0.0265625
116 0.157813 0.946875 0.075 0.05625
336 0.377344 0.955469 0.0796873 0.0609375
