338 0.0468748 0.171094 0.0562504 0.0453125
338 0.0171877 0.448438 0.0593754 0.040625
338 0.148438 0.369531 0.0343754 0.0421874
240 0.261719 0.371875 0.0578121 0.103125
128 0.166406 0.0507812 0.0734375 0.0578126
101 0.397656 0.0539063 0.0734379 0.0609375
146 0.384375 0.250781 0.0468754 0.0859374
128 0.389063 0.367188 0.053125 0.071875
102 0.407031 0.595312 0.0765621 0.078125
51 0.278125 0.516406 0.034375 0.0578126
51 0.264844 0.608594 0.0671871 0.0328125
43 0.0781252 0.63125 0.0812496 0.05625
161 0.0320314 0.755469 0.0546871 0.0546876
43 0.171094 0.804688 0.0640629 0.0593752
129 0.19375 0.704687 0.0812496 0.0499998
335 0.261719 0.771875 0.0859379 0.05625
134 0.425781 0.705469 0.114062 0.0546877
146 0.385938 0.814062 0.05625 0.0874999
233 0.260156 0.923438 0.0859379 0.0499999
233 0.0734377 0.923438 0.1 0.0562499
