147 0.645312 0.21875 0.0875 0.075
120 0.875 0.021875 0.071875 0.059375
131 0.983594 0.0359375 0.0796876 0.04375
133 0.883594 0.185156 0.104687 0.0546875
131 0.589063 0.355469 0.0656251 0.0546875
136 0.474219 0.49375 0.104688 0.0625001
139 0.5375 0.703906 0.090625 0.0640626
131 0.553906 0.571094 0.0515625 0.0640624
123 0.669531 0.444531 0.0546876 0.0484374
147 0.655469 0.528906 0.0640625 0.0828125
122 0.735156 0.609375 0.0484374 0.046875
147 0.735938 0.791406 0.053125 0.0984377
131 0.775 0.909375 0.059375 0.0718751
275 0.8875 0.589844 0.0875 0.0484375
45 0.966406 0.484375 0.0671875 0.065625
