131 0.0273438 0.0382812 0.0796876 0.0484375
146 0.148437 0.05625 0.0781249 0.04375
125 0.33125 0.0390625 0.0500002 0.0468751
131 0.471094 0.05625 0.0859375 0.0468751
146 0.692969 0.0578125 0.0828125 0.04375
251 0.530469 0.9625 0.114062 0.05625
339 0.628906 0.844531 0.0484375 0.0296876
250 0.55625 0.573438 0.1 0.05625
20 0.660156 0.359375 0.0734373 0.0531249
130 0.359375 0.389062 0.05625 0.0749999
134 0.457031 0.167969 0.117188 0.0609375
134 0.7375 0.185937 0.0937502 0.05625
132 0.783594 0.307031 0.0515623 0.0734375
132 0.985156 0.317187 0.0578123 0.0781251
126 0.8875 0.0359375 0.0687498 0.0531249
135 0.747656 0.415625 0.0859375 0.04375
62 0.875 0.580469 0.065625 0.0515625
