131 0.86875 0.902344 0.0781252 0.0328123
139 0.784375 0.95 0.1 0.053125
108 0.676562 0.967187 0.0624998 0.0593752
131 0.564844 0.903906 0.0734373 0.0359377
146 0.373437 0.907031 0.0906248 0.0359377
110 0.128906 0.970312 0.0765627 0.0500002
139 0.0414063 0.907031 0.0953123 0.0484375
15 0.507031 0.502344 0.0765625 0.0703123
142 0.800781 0.474219 0.110938 0.0453123
297 0.804688 0.521875 0.109375 0.04375
140 0.347656 0.358594 0.101562 0.0578123
296 0.345313 0.414844 0.0906248 0.0390625
117 0.232812 0.290625 0.059375 0.053125
116 0.845312 0.259375 0.075 0.05625
