50 0.951562 0.573437 0.0343754 0.05
50 0.798438 0.628906 0.0375004 0.0609373
50 0.735156 0.626562 0.0296875 0.0593752
50 0.798437 0.434375 0.065625 0.03125
17 0.895313 0.589844 0.0499997 0.0640627
129 0.8875 0.267188 0.0718746 0.04375
233 0.799219 0.0523437 0.0671875 0.0421875
233 0.942969 0.0453125 0.0828129 0.053125
67 0.614063 0.140625 0.0812504 0.0531248
43 0.698437 0.134375 0.065625 0.065625
335 0.864063 0.173438 0.0718746 0.0624998
68 0.632031 0.28125 0.0609375 0.053125
43 0.754688 0.300781 0.065625 0.0421875
242 0.608594 0.655469 0.0921875 0.0578123
105 0.982813 0.946094 0.0687503 0.0546877
146 0.891406 0.913281 0.0796875 0.0359377
145 0.524219 0.950781 0.104688 0.0546877
106 0.417188 0.969531 0.0625 0.0515621
146 0.308594 0.90625 0.0765625 0.0374998
131 0.184375 0.903125 0.08125 0.0406252
139 0.021875 0.915625 0.1 0.04375
247 0.176562 0.5 0.065625 0.05625
44 0.328906 0.601563 0.0609375 0.0500002
80 0.216406 0.376563 0.0734375 0.03125
80 0.321094 0.0406251 0.0296879 0.0687502
