127 0.0718751 0.725 0.0562502 0.0437499
131 0.192969 0.742188 0.0734373 0.040625
146 0.413281 0.748438 0.0859375 0.0375
69 0.139844 0.970312 0.0671877 0.053125
336 0.228906 0.985156 0.0765627 0.0734376
237 0.327344 0.959375 0.0921875 0.053125
238 0.4875 0.958594 0.109375 0.0546875
239 0.932031 0.973437 0.0953125 0.05625
130 0.667187 0.98125 0.04375 0.071875
70 0.604688 0.975 0.05625 0.0625
99 0.55625 0.721094 0.059375 0.0671875
134 0.657031 0.732813 0.0953125 0.05
131 0.765625 0.742969 0.084375 0.0453125
