252 0.538281 0.96875 0.142188 0.0499998
134 0.0500001 0.185937 0.0937502 0.05625
132 0.0960938 0.307031 0.0515623 0.0734375
132 0.297656 0.317187 0.0578123 0.0781251
126 0.2 0.0359375 0.0687498 0.0531249
146 0.405469 0.0390625 0.0953123 0.0468751
131 0.554687 0.0625 0.0781252 0.046875
134 0.674219 0.0304687 0.0859375 0.0515625
127 0.759375 0.0375 0.0562502 0.04375
131 0.880469 0.0546875 0.0734373 0.0406251
130 0.671094 0.332031 0.0421875 0.0796875
69 0.827344 0.282812 0.0671877 0.053125
336 0.916406 0.297656 0.0765627 0.0734376
135 0.0601562 0.415625 0.0859375 0.04375
62 0.1875 0.580469 0.065625 0.0515625
248 0.345313 0.582031 0.0812502 0.0421874
339 0.552344 0.844531 0.0546875 0.0328126
250 0.863281 0.800781 0.0890627 0.0640626
63 0.786719 0.617188 0.0546877 0.053125
72 0.948438 0.398438 0.0562502 0.05625
