312 0.282813 0.0140625 0.0718752 0.05
312 0.329688 0.153125 0.08125 0.075
312 0.142188 0.580469 0.0687498 0.0515625
312 0.332031 0.857031 0.0765627 0.0703125
275 0.682812 0.325 0.04375 0.0375
315 0.671094 0.28125 0.0859375 0.0593749
171 0.897656 0.671094 0.0453127 0.0484374
171 0.572656 0.674219 0.0328127 0.0453124
94 0.325781 0.670312 0.0453127 0.0593751
94 0.215625 0.671875 0.0406248 0.0499998
275 0.132031 0.532031 0.0734373 0.0640624
94 0.717969 0.1125 0.0703125 0.0562501
94 0.404687 0.0578125 0.059375 0.04375
171 0.638281 0.127344 0.0671877 0.0453126
