311 0.894531 0.165625 0.0921875 0.0624998
311 0.915625 0.375 0.05 0.06875
311 0.705469 0.375 0.0703125 0.05
311 0.546875 0.374219 0.053125 0.0515625
311 0.341406 0.432813 0.0640627 0.0406248
311 0.015625 0.246094 0.059375 0.0578123
311 0.0929687 0.351563 0.0671877 0.0562502
311 0.028125 0.671094 0.0718746 0.0578129
311 0.720312 0.673437 0.08125 0.0625004
311 0.909375 0.676562 0.0625 0.05625
178 0.342969 0.360938 0.0453123 0.046875
178 0.467969 0.355469 0.0421877 0.0484375
324 0.0164062 0.533594 0.0609375 0.0546879
324 0.714844 0.464062 0.0515625 0.0562502
323 0.825 0.571094 0.078125 0.0546875
