311 0.349218 0.1125 0.0578117 0.0562499
311 0.428906 0.730469 0.0671875 0.0765625
280 0.359375 0.265625 0.0937492 0.0562502
280 0.359375 0.528125 0.0874992 0.0593748
280 0.354688 0.875781 0.096875 0.0453123
316 0.424219 0.353906 0.0765625 0.0515625
316 0.432813 0.421875 0.071875 0.0562502
300 0.586719 0.0453124 0.0765625 0.0531249
300 0.521093 0.107031 0.0546882 0.0796874
300 0.577343 0.174219 0.104688 0.0453126
275 0.800781 0.228125 0.101563 0.0624999
300 0.908594 0.100781 0.0734375 0.0921875
318 0.71875 0.03125 0.0625 0.0531249
318 0.799219 0.0382812 0.0546882 0.0734376
