299 0.142969 0.278125 0.0578125 0.09375
299 0.15 0.658594 0.0312501 0.0703125
285 0.124219 0.182031 0.0765626 0.0453125
285 0.119531 0.575 0.0921874 0.0531252
280 0.626562 0.201562 0.090625 0.05
280 0.801562 0.595312 0.071875 0.05
280 0.796875 0.986719 0.0625 0.0390625
280 0.394531 0.985937 0.0890625 0.04375
311 0.624219 0.0523437 0.0578125 0.0546875
311 0.782031 0.438281 0.0640625 0.0671873
311 0.3625 0.808594 0.08125 0.0671875
311 0.789062 0.826563 0.05625 0.065625
298 0.221094 0.463281 0.0578125 0.0453125
298 0.216406 0.848437 0.0546875 0.040625
