311 0.0640625 0.396094 0.065625 0.0671875
311 0.349218 0.8 0.0578117 0.0562499
280 0.359375 0.953125 0.0937492 0.0562502
280 0.0804688 0.552344 0.0765625 0.0453125
280 0.354688 0.551563 0.0843758 0.065625
320 0.35625 0.401563 0.053125 0.06875
280 0.360156 0.0414062 0.0859375 0.0796875
318 0.726562 0.04375 0.05625 0.0625
318 0.790625 0.0539062 0.059375 0.0765625
275 0.803906 0.248437 0.101562 0.0625001
318 0.714063 0.382031 0.071875 0.0578125
318 0.8 0.389844 0.059375 0.0796875
300 0.586719 0.732812 0.0765625 0.0531249
300 0.521093 0.794531 0.0546882 0.0796874
300 0.577343 0.861719 0.104688 0.0453126
275 0.800781 0.915625 0.101563 0.0624999
300 0.908594 0.788281 0.0734375 0.0921875
318 0.71875 0.71875 0.0625 0.0531249
318 0.799219 0.725781 0.0546882 0.0734376
