30 0.14375 0.454688 0.06875 0.0874998
30 0.0710938 0.713281 0.0609375 0.0609371
30 0.0289063 0.878906 0.0609375 0.0578121
30 0.328125 0.453906 0.065625 0.0546875
30 0.566406 0.451563 0.0671875 0.0562498
30 0.810937 0.450781 0.0843746 0.0796877
30 0.33125 0.709375 0.0499996 0.053125
30 0.565625 0.719531 0.0687504 0.0453125
30 0.804687 0.708594 0.0562504 0.0515621
30 0.801562 0.0914063 0.06875 0.0515623
171 0.710938 0.910938 0.0593754 0.059375
275 0.972656 0.808594 0.0578125 0.0453129
30 0.928125 0.772656 0.0624996 0.0421875
171 0.245312 0.907031 0.034375 0.0609375
95 0.0765625 0.819531 0.05 0.0671875
