30 0.110938 0.0320313 0.0624996 0.0546877
30 0.110938 0.419531 0.0531246 0.0640627
30 0.114063 0.778906 0.06875 0.0515623
171 0.353125 0.784375 0.103125 0.0656254
171 0.351562 0.0406251 0.075 0.0499998
38 0.857031 0.0289063 0.0578121 0.0765625
38 0.482813 0.0359374 0.0593754 0.0468752
30 0.288281 0.401563 0.0484375 0.04375
30 0.49375 0.401563 0.05625 0.053125
30 0.678125 0.411719 0.0687504 0.0421875
30 0.855469 0.401562 0.0609379 0.0593752
95 0.357813 0.385938 0.0875 0.053125
95 0.35625 0.491406 0.0718746 0.0484373
38 0.5 0.775 0.075 0.0624998
38 0.853906 0.782031 0.0765621 0.0609372
