30 0.184375 0.235937 0.0624996 0.0656254
30 0.616406 0.157813 0.0578123 0.053125
30 0.567969 0.328906 0.0578123 0.0609375
30 0.839062 0.404688 0.0687498 0.05625
30 0.885156 0.227344 0.0609375 0.0453125
30 0.919531 0.065625 0.0609377 0.05625
171 0.410156 0.1125 0.0609377 0.059375
171 0.371094 0.288281 0.0515621 0.0453125
94 0.403906 0.444531 0.0640625 0.0515621
171 0.696875 0.301562 0.0562502 0.04375
171 0.853125 0.0304687 0.05 0.0578125
34 0.0703125 0.460938 0.075 0.071875
34 0.260938 0.5 0.075 0.0656254
34 0.478906 0.565625 0.0796873 0.06875
34 0.721875 0.611719 0.0468748 0.0546875
34 0.971094 0.680469 0.101562 0.0828125
171 0.978125 0.446094 0.0687498 0.0640625
