30 0.0710938 0.0257811 0.0609375 0.0609371
30 0.0289063 0.191406 0.0609375 0.0578121
30 0.33125 0.021875 0.0499996 0.053125
30 0.565625 0.0320312 0.0687504 0.0453125
30 0.804687 0.0210936 0.0562504 0.0515621
30 0.796094 0.320312 0.0421879 0.04375
30 0.566406 0.333594 0.0609375 0.0515625
30 0.33125 0.325781 0.065625 0.0453129
30 0.339062 0.553906 0.103125 0.0609372
30 0.554688 0.549219 0.0687504 0.0578125
30 0.796875 0.551562 0.0499996 0.053125
30 0.802344 0.771875 0.0609379 0.059375
34 0.0367187 0.797656 0.0671875 0.0609371
34 0.242188 0.853906 0.078125 0.0734375
34 0.467969 0.913281 0.0609375 0.0609371
34 0.688281 0.971875 0.0515629 0.0656254
94 0.63125 0.850781 0.0593754 0.0578125
171 0.710938 0.223438 0.0593754 0.059375
275 0.972656 0.121094 0.0578125 0.0453129
30 0.928125 0.0851562 0.0624996 0.0421875
171 0.245312 0.219531 0.034375 0.0609375
95 0.0765625 0.132031 0.05 0.0671875
