30 0.123437 0.450781 0.0843746 0.0796877
30 0.117187 0.708594 0.0562504 0.0515621
30 0.114063 0.0914063 0.06875 0.0515623
171 0.408594 0.903125 0.0296875 0.053125
171 0.0234377 0.910938 0.0593754 0.059375
171 0.349219 0.70625 0.0484375 0.0562496
171 0.357031 0.438281 0.0703125 0.0609371
171 0.353125 0.0968748 0.103125 0.0656254
38 0.5 0.0874999 0.075 0.0624998
38 0.853906 0.0945311 0.0765621 0.0609371
38 0.863281 0.444531 0.0640629 0.0578123
38 0.488281 0.449219 0.0546871 0.0390625
38 0.488281 0.7125 0.0546871 0.046875
38 0.853125 0.710156 0.0718746 0.0640625
94 0.983594 0.59375 0.0453125 0.06875
275 0.285156 0.808594 0.0578125 0.0453129
30 0.240625 0.772656 0.0624996 0.0421875
171 0.78125 0.901562 0.0687504 0.0562496
