34 0.0390625 0.25 0.053125 0.0656252
30 0.400781 0.0882812 0.0515625 0.0453127
30 0.865625 0.7125 0.0531249 0.059375
30 0.9 0.552344 0.0625 0.0546879
30 0.946094 0.4 0.0546875 0.04375
30 0.31875 0.416406 0.0656251 0.0421873
323 0.150781 0.294531 0.0796875 0.0578123
323 0.0554687 0.682031 0.0734375 0.0609371
94 0.289063 0.233594 0.0562499 0.0640627
171 0.579687 0.299219 0.059375 0.0578125
171 0.88125 0.375 0.0375 0.0718748
38 0.698437 0.16875 0.059375 0.05
38 0.610938 0.480469 0.0749999 0.0546875
34 0.174219 0.798438 0.0640625 0.0656254
34 0.465625 0.879687 0.0687501 0.053125
34 0.755469 0.952344 0.0828124 0.0671875
