333 0.434375 0.309375 0.1375 0.075
333 0.442187 0.540625 0.103125 0.065625
333 0.446875 0.769531 0.11875 0.0671875
333 0.8375 0.390625 0.121875 0.071875
333 0.697657 0.54375 0.107812 0.071875
333 0.694531 0.710156 0.101562 0.0671874
333 0.699219 0.874219 0.123437 0.0703125
334 0.2125 0.30625 0.134375 0.103125
334 0.222656 0.539844 0.114063 0.0796875
334 0.21875 0.764844 0.115625 0.0703125
334 0.917187 0.550781 0.121875 0.0796875
334 0.914063 0.710156 0.115625 0.0671874
334 0.907812 0.877344 0.103125 0.0640625
