275 0.228125 0.220312 0.071875 0.0593751
275 0.584375 0.220312 0.0624998 0.0468751
277 0.90625 0.220313 0.08125 0.053125
277 0.258594 0.617969 0.0859373 0.0484375
277 0.55625 0.489063 0.0656252 0.034375
277 0.867188 0.586719 0.0906248 0.0453123
275 0.876562 0.873437 0.08125 0.0499998
277 0.561719 0.857031 0.0828127 0.0453123
277 0.258594 0.863281 0.0734373 0.0421877
311 0.285937 0.307031 0.0562502 0.0609375
311 0.649219 0.296094 0.0609377 0.0765627
311 0.98125 0.314062 0.0531248 0.0499998
311 0.965625 0.503906 0.0531248 0.0421877
311 0.658594 0.509375 0.0640625 0.046875
311 0.285937 0.523438 0.0718752 0.05625
311 0.255469 0.744531 0.0578123 0.0359375
311 0.298438 0.773438 0.090625 0.06875
311 0.609375 0.742969 0.04375 0.0453123
311 0.651562 0.775 0.0500002 0.040625
311 0.984375 0.776562 0.0624998 0.059375
149 0.482031 0.228125 0.0765625 0.046875
149 0.169531 0.482031 0.0453127 0.0578123
