275 0.167187 0.225781 0.071875 0.0421875
275 0.488281 0.221875 0.0734379 0.0499999
275 0.801562 0.225781 0.06875 0.0421875
275 0.132031 0.582812 0.0703125 0.053125
275 0.444531 0.596875 0.0703125 0.0375002
275 0.779688 0.596875 0.0625 0.053125
275 0.767969 0.863281 0.0609375 0.0421877
275 0.471094 0.871875 0.0828129 0.0593752
275 0.129687 0.8625 0.065625 0.040625
311 0.248438 0.313281 0.071875 0.0640625
311 0.553125 0.307813 0.04375 0.0593752
311 0.867188 0.307031 0.0625 0.0609375
311 0.873438 0.50625 0.065625 0.053125
311 0.230469 0.514844 0.0546875 0.0578123
311 0.558594 0.507812 0.0515629 0.0499998
311 0.23125 0.776563 0.075 0.0625
311 0.55 0.775 0.0687504 0.065625
311 0.873438 0.782813 0.05625 0.0499998
149 0.0171875 0.223438 0.075 0.0531249
149 0.965625 0.23125 0.0843746 0.0531248
92 0.896094 0.174219 0.0859379 0.0546876
