277 0.21875 0.220313 0.08125 0.053125
277 0.539062 0.228125 0.071875 0.046875
275 0.854688 0.225781 0.071875 0.0421875
277 0.179688 0.586719 0.0906248 0.0453123
275 0.508594 0.601562 0.0734375 0.0468752
275 0.819531 0.582812 0.0703125 0.053125
275 0.817188 0.8625 0.065625 0.040625
275 0.516406 0.867188 0.0578125 0.034375
275 0.189063 0.873437 0.08125 0.0499998
311 0.29375 0.314062 0.0531248 0.0499998
311 0.614062 0.314844 0.06875 0.0609375
311 0.935938 0.313281 0.071875 0.0640625
311 0.917969 0.514844 0.0546875 0.0578123
311 0.607031 0.550781 0.0578125 0.0609375
311 0.278125 0.503906 0.0531248 0.0421877
311 0.296875 0.776562 0.0624998 0.059375
311 0.603906 0.832812 0.0734375 0.053125
311 0.91875 0.776563 0.075 0.0625
149 0.704687 0.223438 0.075 0.0531249
