275 0.535937 0.210156 0.10625 0.0796874
275 0.915625 0.220312 0.071875 0.0593751
277 0.946094 0.617969 0.0859373 0.0484375
277 0.946094 0.863281 0.0734373 0.0421877
311 0.973437 0.307031 0.0562502 0.0609375
311 0.973437 0.523438 0.0718752 0.05625
311 0.942969 0.744531 0.0578123 0.0359375
275 0.071875 0.654688 0.0687501 0.0375
277 0.417969 0.865625 0.0765625 0.0499998
277 0.0546875 0.753906 0.0656251 0.0609375
277 0.416406 0.65625 0.104688 0.05625
277 0.571094 0.607031 0.0984375 0.0484375
277 0.561719 0.864844 0.101562 0.0609375
149 0.857031 0.482031 0.0453127 0.0578123
