275 0.817188 0.175 0.065625 0.040625
275 0.516406 0.179688 0.0578125 0.034375
275 0.189063 0.185937 0.08125 0.0499998
275 0.190625 0.489844 0.0843748 0.0609375
275 0.508594 0.495313 0.0578125 0.053125
275 0.828906 0.49375 0.0578125 0.03125
275 0.522656 0.871875 0.0984375 0.0500002
275 0.821094 0.866406 0.0640625 0.0390625
277 0.184375 0.86875 0.0875 0.0500002
311 0.296875 0.0890625 0.0624998 0.059375
311 0.603906 0.145313 0.0734375 0.053125
311 0.91875 0.0890625 0.075 0.0625
311 0.8875 0.373437 0.046875 0.0406248
311 0.929688 0.405469 0.0375 0.0453125
311 0.569531 0.367187 0.0484375 0.0593752
311 0.605469 0.401563 0.0546875 0.053125
311 0.246875 0.370313 0.053125 0.053125
311 0.2875 0.410937 0.05625 0.05625
311 0.270312 0.778125 0.0531248 0.053125
311 0.597656 0.783594 0.0453125 0.0609371
311 0.920313 0.782812 0.05 0.053125
