275 0.410156 0.178125 0.0734375 0.0499998
275 0.0804688 0.175781 0.0609375 0.0421877
275 0.0804689 0.496094 0.0765621 0.0453123
275 0.432031 0.485156 0.0765621 0.0546877
275 0.0773436 0.86875 0.0671871 0.0500002
275 0.348438 0.866406 0.0687504 0.0515623
275 0.35 0.634375 0.0718746 0.0468746
275 0.0867189 0.634375 0.0578121 0.053125
311 0.185937 0.0953126 0.05625 0.0499998
311 0.505469 0.140625 0.0578125 0.065625
311 0.500781 0.405469 0.0609375 0.0703125
311 0.145312 0.363281 0.0687504 0.0609375
311 0.185938 0.404688 0.0406246 0.053125
311 0.071875 0.752344 0.05625 0.0453127
311 0.452344 0.807031 0.0859379 0.0578123
174 0.439844 0.975 0.0609379 0.0624998
