275 0.767969 0.175781 0.0609375 0.0421877
275 0.471094 0.184375 0.0828129 0.0593752
275 0.129687 0.175 0.065625 0.040625
275 0.141406 0.49375 0.0578125 0.03125
275 0.460938 0.496875 0.065625 0.046875
275 0.767969 0.496094 0.0765621 0.0453123
275 0.133594 0.866406 0.0640625 0.0390625
275 0.451562 0.867969 0.075 0.0421873
275 0.764844 0.86875 0.0671871 0.0500002
275 0.774219 0.634375 0.0578122 0.053125
311 0.23125 0.0890625 0.075 0.0625
311 0.55 0.0875 0.0687504 0.065625
311 0.873438 0.0953126 0.05625 0.0499998
311 0.832812 0.363281 0.0687504 0.0609375
311 0.873438 0.404688 0.0406246 0.053125
311 0.522656 0.373437 0.0359375 0.0406248
311 0.55 0.398438 0.0499996 0.053125
311 0.2 0.373437 0.046875 0.0406248
311 0.242188 0.405469 0.0375 0.0453125
311 0.232812 0.782812 0.05 0.053125
311 0.55 0.779687 0.0499996 0.06875
311 0.759375 0.752344 0.05625 0.0453127
