39 0.232812 0.158594 0.08125 0.0796877
249 0.238281 0.325781 0.0703125 0.0890627
39 0.235938 0.451563 0.065625 0.0875
246 0.603906 0.263281 0.0765621 0.0734375
40 0.701563 0.266406 0.0875004 0.0546877
323 0.444531 0.445312 0.0640629 0.0531252
323 0.288281 0.758594 0.0640625 0.0828125
324 0.502344 0.750781 0.0765621 0.0609375
324 0.742969 0.459375 0.0734379 0.0437498
246 0.150781 0.947656 0.0765625 0.0703129
40 0.247656 0.947656 0.0953129 0.0640625
30 0.390625 0.714844 0.05625 0.0578125
34 0.621875 0.594531 0.0718746 0.0609372
34 0.617187 0.797656 0.0499996 0.0765625
34 0.934375 0.599219 0.0656254 0.0640625
246 0.916406 0.261719 0.0765621 0.0703127
34 0.947656 0.799219 0.0609379 0.0609371
246 0.664844 0.953906 0.0765621 0.0703129
40 0.755469 0.953906 0.0859379 0.0578125
