324 0.916406 0.0414063 0.0765621 0.0453125
246 0.575781 0.0414063 0.0765621 0.0578125
40 0.664844 0.0429688 0.0828125 0.0671875
325 0.167969 0.363281 0.0890625 0.0828125
38 0.419531 0.311719 0.0828125 0.0828125
30 0.704688 0.232031 0.0593753 0.0578125
30 0.680469 0.530469 0.0515625 0.0546875
30 0.678906 0.369531 0.0484375 0.0578125
244 0.814844 0.801562 0.0765621 0.046875
38 0.842969 0.864063 0.0953125 0.05
34 0.914844 0.689844 0.0734379 0.0484375
34 0.577344 0.672656 0.0671875 0.0640625
38 0.422656 0.639063 0.0828129 0.0812496
38 0.413281 0.832031 0.0890621 0.0890629
38 0.0882813 0.652344 0.0578125 0.0859375
325 0.174219 0.640625 0.0703125 0.05
323 0.174219 0.70625 0.0640625 0.053125
325 0.177344 0.925781 0.114063 0.0734375
323 0.757031 0.299219 0.0578125 0.0578125
323 0.758594 0.378906 0.0546871 0.0578125
323 0.583594 0.346094 0.0484375 0.0609371
323 0.591406 0.503906 0.0453121 0.0640625
323 0.8625 0.538281 0.05625 0.0640625
323 0.921094 0.497656 0.0609379 0.0703129
324 0.513281 0.790625 0.0609375 0.0562496
325 0.430469 0.500781 0.0734375 0.0765621
