34 0.724219 0.0960938 0.0765621 0.0734375
38 0.4875 0.0390625 0.10625 0.059375
38 0.247656 0.277344 0.0734375 0.0703129
38 0.342188 0.272656 0.084375 0.0734375
38 0.252344 0.467969 0.0703125 0.0703129
38 0.358594 0.477344 0.0828129 0.0765621
34 0.164844 0.660938 0.0671871 0.059375
34 0.517969 0.728125 0.0703125 0.059375
324 0.507812 0.553906 0.04375 0.0515625
324 0.632812 0.711719 0.0499996 0.0484375
324 0.639844 0.478906 0.0609379 0.0484375
34 0.757031 0.725 0.0640628 0.053125
324 0.81875 0.569531 0.046875 0.0703129
324 0.901563 0.474219 0.0468754 0.0453125
38 0.849219 0.491406 0.0578125 0.0734375
34 0.957812 0.49375 0.0499996 0.05
324 0.959375 0.605469 0.053125 0.0390625
