324 0.239844 0.0570313 0.0578121 0.0671875
324 0.0601564 0.724219 0.0734379 0.0546875
34 0.222656 0.121094 0.0609379 0.0734375
34 0.0414062 0.124219 0.0609375 0.0484375
34 0.225781 0.605469 0.0609375 0.0671871
323 0.274219 0.430469 0.0734375 0.0734375
324 0.238281 0.5375 0.0546871 0.0562496
34 0.357031 0.586719 0.0671871 0.0609372
172 0.0398438 0.328906 0.0703125 0.0671875
172 0.0374998 0.182031 0.0468754 0.0609371
34 0.842969 0.0945313 0.0703125 0.0640625
34 0.613281 0.205469 0.0703125 0.0578125
34 0.844531 0.280469 0.0671871 0.0546875
34 0.639063 0.357031 0.04375 0.0609371
324 0.705469 0.207031 0.0453121 0.0484375
246 0.232031 0.280469 0.0859379 0.0546875
39 0.319531 0.277344 0.0765621 0.0546875
244 0.485156 0.296094 0.0765621 0.0671871
38 0.505469 0.360156 0.0890621 0.0546875
324 0.639844 0.470313 0.0609379 0.05
324 0.628906 0.548437 0.0515629 0.053125
34 0.644531 0.632812 0.0765621 0.05
324 0.644531 0.730469 0.0765621 0.0671875
34 0.849219 0.496094 0.0828125 0.0765621
324 0.850781 0.578906 0.0609379 0.0578125
34 0.853906 0.649219 0.0671875 0.0515621
34 0.724219 0.921094 0.0765621 0.0734375
244 0.469531 0.791406 0.0953125 0.0671875
38 0.4875 0.864063 0.10625 0.059375
