39 0.146094 0.247656 0.0640629 0.0703125
34 0.248438 0.263281 0.05625 0.0640625
246 0.0617186 0.249219 0.0671871 0.0734375
324 0.317969 0.266406 0.0703125 0.0578125
34 0.479688 0.267969 0.0593754 0.0734375
246 0.708594 0.219531 0.0796875 0.0734375
39 0.800781 0.229688 0.0828125 0.059375
247 0.0679687 0.799219 0.0734375 0.0703125
41 0.164844 0.805469 0.0703125 0.0703124
34 0.0570311 0.591406 0.0765621 0.0640625
34 0.802344 0.492969 0.0859379 0.0765625
324 0.735156 0.652344 0.0546871 0.0703125
34 0.767969 0.776562 0.0578125 0.0625001
150 0.913281 0.499219 0.0671875 0.0578125
324 0.954687 0.635938 0.065625 0.0375
324 0.983594 0.776563 0.0671875 0.05625
247 0.644531 0.916406 0.0765621 0.0765625
42 0.739844 0.921094 0.0765621 0.0796876
