246 0.0210938 0.219531 0.0796875 0.0734375
39 0.113281 0.229688 0.0828125 0.059375
34 0.114844 0.492969 0.0859379 0.0765625
30 0.350781 0.502344 0.0671871 0.0578125
324 0.0476564 0.652344 0.0546871 0.0703125
34 0.0804688 0.776562 0.0578125 0.0625001
150 0.225781 0.499219 0.0671875 0.0578125
30 0.358594 0.623438 0.0515629 0.05625
30 0.360156 0.770312 0.0671875 0.0500001
324 0.267188 0.635938 0.065625 0.0375
324 0.296094 0.776563 0.0671875 0.05625
233 0.594531 0.653906 0.0765621 0.0671875
34 0.688281 0.652344 0.0859379 0.0640624
42 0.0523439 0.921094 0.0765621 0.0796876
