324 0.927344 0.0570313 0.0578121 0.0671875
324 0.228906 0.728906 0.0765621 0.0453125
324 0.747656 0.724219 0.0734379 0.0546875
34 0.910156 0.121094 0.0609379 0.0734375
34 0.728906 0.124219 0.0609375 0.0484375
34 0.260156 0.111719 0.0609379 0.0609371
34 0.271094 0.433594 0.0703125 0.0484375
34 0.251563 0.602344 0.0687504 0.0609371
246 0.476562 0.739844 0.0937496 0.0546879
40 0.580469 0.742969 0.0828128 0.0546875
34 0.913281 0.605469 0.0609375 0.0671871
323 0.961719 0.430469 0.0734375 0.0734375
324 0.925781 0.5375 0.0546871 0.0562496
40 0.0679686 0.266406 0.0859379 0.0578125
172 0.355469 0.327344 0.0546871 0.0515621
171 0.395312 0.519531 0.0499996 0.0734375
172 0.432031 0.0414062 0.0609375 0.0484375
246 0.455468 0.269531 0.0703125 0.0640625
39 0.538281 0.267969 0.0765621 0.0609375
172 0.727344 0.328906 0.0703125 0.0671875
172 0.725 0.182031 0.0468754 0.0609371
246 0.919531 0.280469 0.0859379 0.0546875
30 0.0171877 0.919531 0.0593754 0.0578125
30 0.341406 0.922656 0.0640629 0.0578125
323 0.0695312 0.986719 0.0578125 0.0578125
