324 0.0914063 0.45 0.0609375 0.0437498
324 0.239844 0.744531 0.0578121 0.0671875
34 0.0328125 0.604688 0.0625 0.053125
34 0.232031 0.60625 0.0546871 0.0500004
244 0.257031 0.338281 0.0796875 0.0640627
42 0.0445311 0.271094 0.0984371 0.0703129
38 0.278906 0.407031 0.0890625 0.0609373
34 0.222656 0.808594 0.0609379 0.0734375
34 0.0414062 0.811719 0.0609375 0.0484375
172 0.0374998 0.869531 0.0468754 0.0609371
34 0.455469 0.142188 0.0796871 0.059375
34 0.630469 0.317969 0.0546871 0.0609373
34 0.732813 0.233594 0.065625 0.0640627
34 0.735937 0.433594 0.0406246 0.0640627
34 0.847656 0.552344 0.0859379 0.0828125
34 0.458594 0.577344 0.0671875 0.0578125
324 0.34375 0.647656 0.0531246 0.0640625
244 0.482031 0.448437 0.0765621 0.0593752
38 0.501563 0.513281 0.0906253 0.0578125
324 0.35 0.0679687 0.065625 0.0734377
324 0.844531 0.442969 0.0671871 0.0765621
34 0.842969 0.782031 0.0703125 0.0640625
34 0.613281 0.892969 0.0703125 0.0578125
34 0.844531 0.967969 0.0671871 0.0546875
324 0.705469 0.894531 0.0453121 0.0484375
246 0.232031 0.967969 0.0859379 0.0546875
39 0.319531 0.964844 0.0765621 0.0546875
244 0.485156 0.983594 0.0765621 0.0671871
