235 0.875781 0.0515625 0.107812 0.071875
32 0.796094 0.142969 0.0859375 0.0921875
36 0.80625 0.371875 0.0906248 0.08125
35 0.794531 0.583594 0.0828127 0.0671875
35 0.150781 0.691406 0.0828127 0.0703125
35 0.375 0.698437 0.0843748 0.0812501
32 0.0546875 0.117969 0.08125 0.0828125
32 0.289844 0.13125 0.0859375 0.0625
32 0.521875 0.132812 0.0781252 0.078125
235 0.342969 0.0601562 0.107812 0.0546875
32 0.0624999 0.357031 0.0843748 0.0921875
36 0.278125 0.349219 0.0875002 0.0953125
36 0.515625 0.350781 0.115625 0.0921874
36 0.308594 0.878125 0.0828125 0.08125
36 0.828125 0.907812 0.08125 0.0843748
235 0.123438 0.913281 0.125 0.0546876
235 0.898437 0.83125 0.1125 0.0531249
