285 0.41875 0.28125 0.071875 0.0718746
280 0.596875 0.278125 0.065625 0.0718746
323 0.546875 0.45 0.084375 0.0593758
323 0.754688 0.49375 0.0687504 0.078125
323 0.782812 0.55 0.10625 0.0593754
323 0.760938 0.71875 0.05625 0.0781254
323 0.951563 0.721875 0.06875 0.0718746
323 0.940625 0.521875 0.0656247 0.065625
323 0.753125 0.323437 0.059375 0.0562504
323 0.95 0.270312 0.053125 0.075
323 0.79375 0.876562 0.0656247 0.0624996
323 0.79375 0.98125 0.0718746 0.0593754
178 0.182812 0.0765625 0.0562498 0.04375
178 0.473437 0.0875 0.06875 0.053125
