94 0.113281 0.730469 0.0515626 0.0546877
95 0.36875 0.739063 0.03125 0.0499998
171 0.53125 0.970313 0.059375 0.0375001
311 0.983594 0.813281 0.0484375 0.0484375
171 0.682812 0.254687 0.05 0.053125
171 0.361719 0.246875 0.0515625 0.0406248
171 0.872656 0.0382813 0.0640624 0.0515626
171 0.845313 0.372656 0.0468748 0.0546877
311 0.940625 0.241406 0.0531248 0.0453124
311 0.473437 0.179688 0.071875 0.0499999
311 0.546094 0.247656 0.0484375 0.0515625
94 0.535156 0.728906 0.0609377 0.0296875
311 0.678906 0.728125 0.0484375 0.05625
311 0.614844 0.579687 0.0515621 0.0624998
311 0.442969 0.571875 0.0578125 0.040625
311 0.436719 0.63125 0.0703125 0.05625
311 0.459375 0.866406 0.0593752 0.0453125
15 0.578906 0.817969 0.0796873 0.0421875
