314 0.1875 0.0992187 0.0562504 0.0609376
275 0.221875 0.153125 0.0687504 0.040625
275 0.534375 0.466406 0.0531246 0.0390625
275 0.915625 0.583594 0.0593758 0.0453125
314 0.489063 0.377344 0.0499997 0.0484375
314 0.955469 0.466406 0.0671871 0.0578126
311 0.860937 0.491406 0.065625 0.0484374
94 0.6625 0.5 0.0562504 0.05
96 0.125 0.571875 0.06875 0.04375
171 0.2125 0.935156 0.040625 0.0484375
171 0.3625 0.942187 0.040625 0.053125
171 0.494531 0.942969 0.0546871 0.0546877
171 0.107031 0.7375 0.0421879 0.04375
171 0.788281 0.936719 0.0390625 0.0546877
94 0.975 0.959375 0.04375 0.059375
178 0.134375 0.489063 0.0562504 0.05
178 0.320312 0.492969 0.046875 0.0484375
94 0.860156 0.700781 0.0546871 0.0703124
311 0.871094 0.839063 0.0453121 0.0375001
311 0.959375 0.841406 0.046875 0.0453123
311 0.45 0.815625 0.0593758 0.0499998
