171 0.100781 0.249219 0.0390625 0.0546877
94 0.2875 0.271875 0.04375 0.059375
94 0.422656 0.459375 0.0296879 0.05625
171 0.2875 0.492188 0.0375004 0.040625
171 0.228906 0.523438 0.0546871 0.0375002
171 0.233594 0.316406 0.0515629 0.0359373
94 0.282813 0.719531 0.04375 0.0609375
311 0.183594 0.151563 0.0453121 0.0375001
311 0.271875 0.153906 0.046875 0.0453123
94 0.35 0.165625 0.0593754 0.0468751
324 0.721875 0.152344 0.075 0.0515626
324 0.660156 0.296875 0.0484375 0.0624998
324 0.867969 0.384375 0.0734379 0.046875
337 0.591406 0.273438 0.0390629 0.059375
337 0.775 0.382812 0.0593758 0.04375
328 0.863281 0.0101562 0.0453121 0.0390625
328 0.850781 0.176562 0.0515629 0.0437499
328 0.853906 0.273438 0.0484375 0.059375
