171 0.2125 0.247656 0.040625 0.0484375
171 0.3625 0.254687 0.040625 0.053125
171 0.494531 0.255469 0.0546871 0.0546877
171 0.107031 0.05 0.0421879 0.04375
171 0.788281 0.249219 0.0390625 0.0546877
94 0.975 0.271875 0.04375 0.059375
171 0.975 0.492188 0.0375004 0.040625
171 0.916406 0.523438 0.0546871 0.0375002
171 0.921094 0.316406 0.0515628 0.0359373
171 0.458594 0.701562 0.0484375 0.0624998
94 0.970312 0.719531 0.04375 0.0609375
344 0.353906 0.536719 0.0484375 0.0828125
344 0.336719 0.728125 0.0859379 0.034375
171 0.116406 0.404688 0.0671875 0.0375
311 0.871094 0.151563 0.0453121 0.0375001
311 0.959375 0.153906 0.046875 0.0453123
311 0.389844 0.813281 0.0515629 0.0484375
311 0.245312 0.824219 0.065625 0.0484375
311 0.360937 0.365625 0.0531246 0.0375
311 0.45 0.128125 0.0593758 0.0499998
