314 0.0789063 0.0992187 0.0546875 0.0609376
314 0.323437 0.104687 0.0562504 0.0625
314 0.544531 0.105469 0.0546871 0.0484375
314 0.875 0.0992187 0.0562504 0.0609376
275 0.151562 0.189844 0.046875 0.0390625
275 0.378125 0.19375 0.0593754 0.0375
275 0.476562 0.192187 0.05625 0.034375
275 0.909375 0.153125 0.0687504 0.040625
311 0.372656 0.492187 0.0515629 0.0468751
311 0.432813 0.491406 0.05625 0.0609375
96 0.152344 0.584375 0.0578125 0.05
96 0.8125 0.571875 0.06875 0.04375
171 0.184375 0.945313 0.046875 0.0468752
171 0.333594 0.9375 0.0359375 0.053125
171 0.613281 0.94375 0.0578121 0.06875
171 0.9 0.935156 0.040625 0.0484375
171 0.794531 0.7375 0.0421879 0.04375
178 0.0226563 0.660156 0.0546875 0.0484374
178 0.207031 0.65625 0.0453125 0.0468751
178 0.320312 0.655469 0.053125 0.0421876
19 0.288281 0.724219 0.0859375 0.0421876
178 0.821875 0.489063 0.0562504 0.05
