275 0.185937 0.0414062 0.059375 0.0296876
323 0.308594 0.0539062 0.0515625 0.0390625
314 0.239844 0.0312501 0.0546875 0.05625
316 0.258594 0.146094 0.0390625 0.0421876
316 0.311719 0.144531 0.0390626 0.0484374
316 0.347656 0.142969 0.0484375 0.0484375
95 0.349219 0.228906 0.0390626 0.0546876
323 0.309375 0.59375 0.0656251 0.040625
316 0.254687 0.677344 0.046875 0.0390625
316 0.30625 0.6875 0.0468751 0.040625
316 0.346094 0.686719 0.0515626 0.0546877
178 0.347656 0.0156249 0.0546876 0.034375
178 0.427344 0.186719 0.0390626 0.0390625
178 0.439844 0.344531 0.0546875 0.0484375
178 0.43125 0.460938 0.0531249 0.04375
178 0.435938 0.538281 0.053125 0.0359373
95 0.646875 0.665625 0.0687501 0.034375
94 0.460156 0.741406 0.0515625 0.0453123
94 0.800781 0.730469 0.0515626 0.0546877
94 0.677344 0.882813 0.0609376 0.0375002
311 0.604687 0.890625 0.04375 0.046875
94 0.525 0.867969 0.040625 0.0578125
94 0.389063 0.910156 0.0437501 0.0390625
171 0.689844 0.253125 0.0515626 0.0468752
171 0.607813 0.977344 0.05625 0.0359375
