275 0.228125 0.583594 0.0593758 0.0453125
314 0.267969 0.466406 0.0671871 0.0578126
311 0.173438 0.491406 0.065625 0.0484374
171 0.100781 0.936719 0.0390625 0.0546877
94 0.2875 0.959375 0.04375 0.059375
94 0.172656 0.700781 0.0546871 0.0703124
311 0.183594 0.839063 0.0453121 0.0375001
311 0.271875 0.841406 0.046875 0.0453123
94 0.35 0.853125 0.0593754 0.0468751
324 0.721875 0.839844 0.075 0.0515626
324 0.660156 0.984375 0.0484375 0.0624998
337 0.591406 0.960938 0.0390629 0.059375
324 0.779688 0.671875 0.040625 0.05625
337 0.773437 0.586719 0.0375004 0.0671875
324 0.8625 0.202344 0.0593754 0.0484375
337 0.934375 0.199219 0.0656254 0.0515625
328 0.898437 0.360156 0.0406246 0.0421875
328 0.854687 0.520312 0.0468754 0.04375
328 0.863281 0.697656 0.0453121 0.0390625
328 0.850781 0.864062 0.0515629 0.0437499
328 0.853906 0.960938 0.0484375 0.059375
